866
108
156
610
298
848
900
471
343
35
642
222
606
508
412
79
977
494
434
142
338
534
920
976
372
421
437
63
899
777
774
367
848
885
695
719
64
465
650
524
872
975
999
235
156
707
81
263
964
171
666
885
692
32
524
623
761
671
966
358
996
203
693
550
840
905
875
554
702
933
495
848
846
970
608
909
40
268
285
265
863
898
837
30
269
52
803
652
525
748
47
77
732
920
437
50
264
734
687
97
905
222
44
323
287
236
876
164
744
595
641
994
263
118
565
6
652
104
248
243
97
595
901
917
396
876
46
211
511
348
960
261
53
215
270
744
966
487
901
408
33
150
130
296
649
190
842
974
851
325
979
731
116
862
663
255
979
816
548
871
733
192
22
350
452
506
5
496
662
312
862
743
470
622
701
833
310
476
302
784
347
883
243
238
511
921
328
124
640
97
188
731
154
277
912
724
984
269
291
176
826
118
203
873
802
542
689
688
133
100
946
635
195
728
503
59
154
871
542
45
597
897
868
103
197
49
986
909
157
630
820
311
333
479
457
853
0
643
903
464
824
58
753
858
72
862
685
129
475
300
290
795
726
330
57
830
657
861
574
349
986
272
56
789
471
286
681
823
592
493
101
356
870
569
66
48
346
794
826
280
433
469
604
471
100
404
364
788
447
473
504
130
382
605
98
331
558
297
2
97
907
885
431
647
756
976
924
733
596
664
206
45
474
615
807
347
969
675
518
708
720
176
181
731
671
0
238
109
628
147
12
110
196
729
449
625
937
512
299
410
258
824
426
997
177
14
494
579
791
243
414
317
222
126
895
70
117
619
207
312
815
99
140
381
403
158
835
579
227
170
468
14
135
844
916
337
965
290
502
35
838
985
532
43
439
797
746
586
662
706
724
531
950
26
958
75
940
748
678
809
385
770
496
931
614
80
267
845
127
187
270
380
199
569
252
366
515
688
527
639
708
825
310
203
816
388
673
987
661
966
335
714
861
140
822
545
505
796
554
817
758
419
376
568
399
22
932
216
312
169
835
583
936
839
506
138
448
174
493
839
503
684
444
480
238
489
422
987
702
297
922
100
309
211
206
209
363
322
975
758
332
227
666
744
409
602
653
793
357
445
770
672
472
521
236
375
332
744
218
478
628
896
949
631
848
734
83
983
636
927
265
893
654
709
38
262
738
203
300
734
286
567
489
379
992
320
430
537
163
6
510
561
363
710
757
108
826
916
538
946
157
469
555
517
43
601
687
348
766
20
797
497
600
222
448
605
868
198
159
245
539
295
561
950
510
795
808
127
675
503
199
687
796
994
259
35
588
760
323
37
742
855
193
548
447
251
117
54
789
271
359
865
38
228
546
950
408
860
124
880
979
784
812
876
995
476
614
176
138
214
239
39
68
870
5
147
363
690
370
878
901
376
222
142
923
14
66
464
743
187
983
90
9
685
667
642
444
192
359
501
728
505
112
493
73
910
594
424
353
306
807
855
628
121
734
688
905
521
119
352
317
24
41
589
500
912
102
684
526
578
93
45
504
788
814
151
704
140
959
767
219
715
211
685
137
780
3
281
251
87
819
331
532
450
854
496
582
65
220
238
765
212
173
587
112
136
912
97
571
138
204
542
559
859
677
88
10
872
93
765
688
291
957
473
624
841
783
457
124
778
529
388
979
864
710
9
843
655
415
686
141
923
169
866
955
678
282
355
191
175
125
447
230
777
922
343
265
21
782
266
677
844
258
799
448
99
934
756
214
742
788
732
36
174
929
873
656
752
778
558
315
38
686
683
668
262
823
556
950
281
531
83
363
603
450
643
312
289
202
334
472
231
238
203
265
471
193
417
446
266
559
349
153
497
978
4
926
60
104
400
218
643
732
503
632
704
88
579
230
116
899
208
300
779
675
358
767
768
892
599
329
583
989
647
887
421
124
483
48
254
178
404
767
214
469
557
695
273
713
30
155
827
592
7
138
343
735
766
765
644
325
594
464
943
561
722
649
686
510
5
633
335
129
185
850
362
5
929
288
765
906
32
236
178
329
463
533
966
158
244
210
895
476
563
392
579
778
529
909
618
965
762
814
752
127
233
759
197
391
40
840
277
238
879
403
264
692
398
403
24
518
24
736
108
968
399
478
198
684
822
974
253
827
997
706
909
77
288
697
856
652
294
474
739
144
649
310
364
708
399
403
715
988
670
233
177
306
121
80
637
137
61
600
371
167
323
479
267
275
399
690
118
585
612
371
568
882
693
357
260
35
88
680
749
881
962
771
95
924
453
