29.878
38.438
11.404
3.643
65.883
3.205
74.604
99.714
2.753
95.45
87.521
56.335
16.487
22.196
7.851
68.4
16.911
38.794
73.418
34.346
11.985
40.607
55.39
94.395
80.332
48.614
66.8
2.127
48.13
92.858
88.921
16.931
88.425
11.957
52.463
68.181
86.462
69.817
61.769
72.668
3.212
15.149
82.56
5.543
85.17
86.25
69.919
62.767
76.883
96.656
77.789
23.2
54.769
60.701
6.781
69.39
17.472
94.54
86.76
94.439
17.109
22.118
29.72
49.593
85.396
25.179
96.544
88.295
92.735
87.133
96.463
17.802
68.211
74.404
44.295
90.148
95.107
63.514
79.598
4.647
30.786
62.164
9.2
69.374
76.359
54.221
45.932
61.453
64.415
6.142
97.789
30.851
5.146
67.473
86.165
96.807
67.66
94.7
45.382
4.799
0.883
0.948
74.701
25.375
6.898
87.521
18.921
49.668
81.354
27.63
63.247
96.744
3.757
15.399
33.973
45.533
72.476
46.956
3.181
25.858
42.565
71.799
39.234
53.642
28.829
93.594
77.93
19.61
94.885
39.732
17.239
63.755
1.846
16.386
38.62
90.754
11.724
37.125
20.51
76.662
95.181
82.158
84.115
60.265
80.227
61.518
65.34
14.683
23.716
52.532
26.293
18.651
62.405
35.66
23.763
22.11
76.318
6.897
85.571
22.776
93.663
23.721
93.698
34.662
53.114
88.419
55.576
15.947
73.199
16.327
57.89
78.132
50.584
70.624
92.76
87.49
8.553
74.13
61.229
19.959
70.55
49.348
69.354
42.823
93.921
21.61
47.547
45.5
56.289
78.542
43.852
23.171
0.611
91.885
5.679
64.791
41.945
22.107
10.363
87.559
4.425
69.286
75.565
78.127
16.77
56.862
5.618
87.622
80.992
36.667
58.912
54.856
6.201
73.356
88.202
86.374
0.842
55.265
98.295
56.428
44.582
94.41
51.64
98.146
32.705
28.733
31.417
74.937
48.128
46.52
43.406
75.329
44.359
83.568
66.379
11.836
21.399
82.117
61.543
9.857
98.496
70.538
80.56
93.6
28.348
79.835
18.29
53.777
35.281
60.815
89.566
40.105
49.17
32.576
27.416
87.638
84.952
99.431
20.81
94.744
30.128
5.832
64.86
93.117
79.835
70.536
53.552
40.926
94.172
23.36
66.681
55.951
53.227
71.283
7.847
92.899
66.323
95.216
67.78
73.725
69.803
27.919
17.822
99.45
33.286
51.79
57.338
97.78
19.767
16.163
12.333
56.857
50.955
2.918
74.702
85.461
65.996
99.425
80.1
22.633
58.81
70.727
34.917
37.535
54.957
95.616
41.422
40.158
90.558
92.52
9.813
98.345
56.23
65.851
25.372
16.175
45.101
8.102
54.407
17.364
84.4
12.628
62.12
60.807
4.224
5.192
19.743
84.501
91.165
74.158
97.778
22.156
70.236
50.563
70.532
42.231
8.703
0.722
87.88
38.7
90.822
51.856
99.637
24.189
98.691
94.68
84.733
56.859
50.939
48.713
92.695
96.958
3.8
99.942
47.85
53.835
61.484
80.593
17.575
7.311
67.538
90.573
71.675
31.312
31.581
54.962
51.919
92.679
32.658
11.187
98.211
14.598
39.439
2.41
90.774
39.593
21.783
82.4
70.309
30.713
51.865
7.96
20.317
18.362
71.342
34.546
53.384
43.821
46.235
80.345
64.713
69.832
64.467
34.838
42.15
2.443
68.64
48.896
67.119
70.441
51.819
3.156
1.481
61.345
55.284
18.56
28.448
84.517
93.469
98.56
19.81
91.28
46.48
11.183
33.27
49.402
97.418
36.45
85.982
21.42
87.96
32.193
41.869
97.788
79.873
34.191
58.947
21.795
13.965
49.303
10.27
34.98
18.235
39.177
85.286
29.54
28.24
0.827
47.275
47.596
91.15
60.21
27.405
72.964
20.477
67.4
64.712
57.897
60.69
57.504
52.795
52.994
46.41
96.94
20.725
99.663
75.681
65.426
69.623
41.62
45.21
16.68
93.71
76.634
44.955
24.541
30.67
43.245
64.168
3.176
93.58
49.614
55.801
23.172
16.843
11.635
84.557
82.986
75.13
43.709
84.809
89.8
48.907
34.316
64.2
74.84
19.636
0.848
71.389
50.33
97.31
22.502
47.579
3.559
30.924
41.414
39.844
23.27
77.354
46.533
20.165
40.287
2.35
63.343
71.194
18.231
44.747
3.218
49.708
4.574
85.502
10.134
79.18
12.621
21.204
3.525
86.294
33.2
36.643
19.779
19.19
58.809
21.811
8.0
9.287
7.337
19.688
9.714
28.705
77.203
5.416
53.903
7.298
38.595
10.84
90.515
43.709
65.463
12.837
11.55
46.913
53.946
95.294
65.42
29.837
55.41
13.388
60.11
18.799
9.928
18.426
28.456
82.716
70.462
9.349
96.455
84.195
36.416
13.365
43.417
21.31
0.997
41.22
55.647
65.111
33.161
24.731
23.29
74.598
67.42
22.544
67.6
86.284
74.52
44.41
22.297
62.565
52.621
87.982
31.113
7.6
96.111
2.701
22.88
8.837
77.936
61.793
17.36
52.772
66.342
32.391
48.494
85.471
67.614
31.55
85.617
41.646
42.372
57.867
70.0
60.309
23.157
41.393
10.63
61.429
37.844
47.796
28.95
12.926
75.773
32.974
72.201
92.92
6.772
90.164
86.652
69.87
51.542
32.378
74.611
56.124
93.278
18.177
84.997
95.51
39.488
76.779
26.7
33.558
59.567
11.54
1.19
79.332
19.54
69.809
87.71
4.398
38.88
38.818
80.951
47.909
89.482
56.805
85.538
42.712
98.244
9.729
84.301
0.361
65.986
7.212
22.604
89.453
34.506
16.82
43.828
3.752
41.152
17.36
56.749
85.76
90.9
31.857
89.688
51.448
66.155
39.21
79.8
36.893
99.531
89.533
40.31
95.5
7.663
35.299
3.108
80.547
55.471
45.34
56.41
43.391
6.893
1.302
93.759
82.152
75.422
60.237
51.863
83.575
82.285
65.573
78.695
19.883
92.84
2.883
79.217
93.411
71.893
53.987
48.202
69.713
28.995
38.556
9.158
32.947
18.534
85.845
94.489
97.72
58.382
12.727
73.545
9.51
37.753
7.14
82.615
47.224
15.877
20.902
28.278
71.518
91.82
16.997
33.897
42.164
82.263
56.87
76.958
40.39
29.516
92.918
81.11
86.792
1.358
31.945
43.257
51.356
45.879
95.382
99.277
3.664
55.477
57.569
30.777
41.718
66.758
76.56
4.821
59.414
99.564
57.57
49.387
41.448
51.514
80.31
6.945
49.661
33.781
1.239
63.886
66.42
27.19
74.516
82.484
74.594
45.32
37.469
18.624
33.7
54.601
34.596
88.482
89.118
26.547
47.88
27.532
7.603
27.511
11.678
45.322
10.26
17.116
85.45
92.16
28.423
28.696
97.729
70.579
27.672
67.906
14.113
99.135
37.47
49.987
41.178
89.915
21.296
44.367
61.788
99.496
27.711
3.35
86.631
80.599
15.66
87.944
75.199
12.26
13.212
89.307
18.664
38.269
48.737
86.675
40.531
44.348
98.906
33.975
85.161
20.786
6.122
55.24
45.3
15.66
24.507
13.165
18.438
93.38
79.158
13.345
73.684
75.479
37.213
28.931
83.55
32.206
40.909
33.888
95.776
35.16
43.572
79.156
62.527
81.14
59.638
4.503
44.566
76.999
12.804
74.382
18.309
69.63
48.241
51.816
54.19
13.258
96.95
69.187
76.309
17.191
48.608
68.114
66.74
98.411
59.963
93.799
41.146
22.98
23.344
74.477
36.439
62.95
35.994
29.809
88.335
24.462
44.255
14.839
65.995
96.614
87.6
22.771
17.863
36.198
86.933
91.684
18.837
35.413
13.419
87.901
36.763
96.6
8.562
67.826
88.665
90.187
27.616
26.73
25.686
41.18
15.688
20.866
97.835
64.11
4.744
26.67
19.99
31.965
30.915
60.21
73.199
13.692
68.975
30.8
51.494
18.251
29.569
95.993
87.43
86.826
67.134
12.889
37.405
9.134
86.84
79.593
29.827
95.376
41.337
34.647
11.985
86.566
14.779
65.864
60.615
82.988
9.945
99.269
77.891
27.29
12.107
2.801
37.646
88.278
2.325
85.57
41.834
50.724
63.199
16.217
37.855
99.65
59.559
14.963
12.274
32.97
17.256
34.984
98.505
40.667
2.12
6.247
92.59
3.788
99.655
77.28
17.75
65.791
10.54
54.402
12.212
22.902
35.957
42.612
71.358
72.179
10.718
38.471
70.109
32.847
55.47
52.16
77.107
25.428
48.394
98.515
41.725
96.221
81.915
12.845
84.886
43.618
19.705
40.692
68.78
75.732
75.719
6.789
74.823
49.84
