956606093
4817376874
4081949829
1163982502
9775872761
9450447436
2231218394
5862533765
3683756870
1267950938
4215025555
8918990744
8170429872
2900225780
7436676092
7077962936
9002491108
9444896254
7411308362
7016887891
6851934959
6756550106
6759074196
2369995180
55709913
1671439301
3132430216
8931117717
7342474483
8903491876
922906920
9265176450
5241506813
8726348611
1197338815
2872049029
9971732558
4107120227
2617308892
4071585590
4409458957
5730081686
9362861751
9260661249
6048728283
6820820455
5826650634
3807478528
6170238436
8532409450
3475073466
5043498705
4677826001
6653910205
9831479998
7790416264
7886283508
5895849751
9018524498
2224048605
7398096719
2287936833
1118309761
5278667369
8982599611
386853581
8686414413
6233587750
5548615368
9995892722
7977376384
3654882769
5720190268
3819751579
9938275113
1997047673
6057960780
4875129559
8212532859
7997719368
796893086
1315038779
3559642880
5587020439
9473539553
4362690109
8268793672
1759475558
34969739
7449991460
9324279559
7357154149
3012239227
2961155074
9893637454
2093625871
9581672141
6184714450
6319894340
5285864484
6442392781
2048559397
5889577850
5590915548
1927553487
6956150761
8587778049
4587550495
6528926952
7811821520
904145143
2547128670
7531584079
7582024309
8346428930
3487286698
2649824668
3591361082
5901250330
6552075310
6144154253
7268044739
9411155339
3178684896
8670710842
7072935023
4010248468
7855987982
657760049
8020232065
8979303921
5921183690
2868529748
91117823
6998553801
8647402997
114916141
3982215284
9278532455
5584286029
4473144807
7082378792
7862495138
6868632404
4660322642
7708413047
5602393499
6933662207
1150018131
2392570923
4870748464
6100808960
6230103196
4326014741
8203896450
9276740648
7393842102
6546557734
3092673288
8847085492
4224616078
3170511834
4276346146
7184762495
1968279304
3111350826
3621264605
9258541002
195702417
6513647559
5386351930
2582559496
5523475224
5776513280
7739482267
5993970453
8437762833
6922356959
2858921203
9799106377
7309705462
3632369886
6554967735
2329356907
5332975534
3956612540
4290258590
9081879862
5008263178
4449185937
362194330
3561413213
6400647060
9640822380
7635495327
4704724246
7072424550
4584109728
7820164488
3393456743
7011262010
3292220586
1525823169
9350573983
3665181393
3768191989
1857803900
5392976322
3714312137
1080224265
1443130681
3540243667
5008145709
728307162
4866909892
2257208577
2056967509
1841556140
7085847632
1483608539
700854001
4055946018
2993449075
2524181187
2530847003
3820558684
8099959956
7473690340
8009394915
7312501478
2687028660
2941864738
7165800246
9005344962
4385942521
7727197144
9945796417
6303892570
8007240969
6813848531
7630761704
4781110464
7960944439
4776998612
7550266798
8432835723
7230457162
2908610196
8293483721
7544260258
5441018727
4110103488
2509502297
6916904910
1178404427
5351287663
6378946733
9490582391
3820333690
6260625426
3609487929
6275216196
6398136628
2060187410
6282154987
9635008494
8367639737
1992004621
5667170755
7904738457
6571767281
3438399500
8079503064
2522069937
3346531229
2357679483
6826277519
7736560890
7728201964
9729316526
4202718920
709934693
9742950911
5067628644
6832904885
1184852508
7716814872
3077701444
69435665
5812489927
9150807180
1555535938
1437062089
6797375711
9855490521
4574005873
7639223960
591956196
2680659911
1766410212
4340053698
1123280409
4611438818
3948453704
2284767409
5992476727
6145882007
7661969718
6965833272
8203081155
9502625819
6724522119
7206101838
4597099410
1843603692
6631881219
6344068953
8454860205
3452891355
1443242844
835489225
9917384490
9402489686
8023213780
3322369592
5632596500
4189431869
4079303883
8221697414
4446116149
1295560079
8107090061
5882901701
6566921237
5946370687
7768352433
3805871938
6878226790
5746218722
9977189022
9692404094
9923288008
5250671912
1701806343
1870608211
1103049105
2826922155
6805969872
608086830
2645700700
8674830061
3315883397
4686414163
5964051071
888260245
5199661729
8046948129
5055572194
2948521466
2965818272
7655496964
7109027386
1820965264
1307417007
2925127472
5163131270
5801094075
3465005594
7416053258
7763623105
4789993063
1630389315
2263149125
5133260229
7080087750
9818853694
6365027315
8636667677
2363947962
52739278
7597145320
8592196047
3920015135
1274659356
5956711188
9265445099
2241179106
366518935
1221013636
1859062486
8201440090
931346008
5274982334
3315132004
237916740
8368395869
7660495897
1981608243
4125381663
1052604731
4875287140
8746063153
3751033203
8229721323
5898173159
5662878940
4201615531
9150149802
5951764402
7239864372
4668638187
8847198832
5524006701
9977145955
8400417898
2157695804
1176618926
5015469499
5357408447
7697730944
8010785317
8480428903
8880757278
4957645484
6623872834
1928580346
3424712815
832107082
9824406845
6191570506
4603363114
6121212430
8210696338
1715322167
6211407286
9313490472
4293253839
2993547997
4279418327
3005348152
7681302051
2028811635
2780383435
7590437168
8238981441
2200972634
9772752059
3912407919
3670252797
8168606232
7100194866
8937940928
2260326765
74299580
2336173992
2143958573
1059306726
8167633097
7926994584
5029760017
6370237055
9403974904
3022754075
2241640322
6513470445
5980345630
3211447514
7226443001
464988171
3464524404
7921909582
6504579811
2917468421
3055121966
9589136858
3282691702
5678211204
1911260631
4393392065
6347742741
7844704183
994517735
2159377638
5668601091
6760967753
3779294383
2456115343
5298825452
6392963260
4170276837
7662637622
2475023681
8943732401
3825554096
1286825847
7688588326
2608583502
8517211014
8615723676
8165272529
402930274
3504468527
6435314770
4072361831
1108326997
6758051480
2689482562
4756890706
1645255278
8465644962
8661131083
6647554511
4772248672
5513223926
2082955412
9649828698
7014512307
8188382796
8950056384
7540918329
3853188371
5755544179
4915352355
9946316513
4445371098
8957931907
6321026432
5366198944
319365233
6451580451
5971594381
5010222440
6727291253
3021400997
6379503149
3971874144
623171094
5618208793
9437478016
3948040938
9089514347
8236377674
4646530142
794523622
8144346932
5853137843
7762123984
2672012118
1947364353
6271948874
2027543298
5410635120
8620104434
9082658335
1997729684
5325235605
3422241730
843164836
7164444748
8373132968
6896702750
9459282793
1137802546
4483583020
9498491877
8679386855
1787481067
4186595739
9870280829
9245120697
1290219691
7321176534
1386541209
9816391464
5414311327
4504463577
7891736034
1062763825
5760819003
6660203868
1366570766
6925685906
1043148553
64926351
6446827705
3017253528
2814426065
5822656883
4195485221
2556494662
2845501757
9212984767
5531354184
2801105233
3914294694
5576819564
94642192
5709881541
7554297435
2732788010
3455103648
518686384
6216143653
1932076028
1926069223
7244276523
2580537731
4023140259
5049963820
3357375828
5291348176
1150506251
8140446286
9367084917
857400253
6767128760
5630780363
6093212730
7997761961
9808714557
4127037082
8692383202
2937903411
1110989392
7593441089
3703511989
9754708632
5671725937
1333436411
8482265164
5358111282
1088763592
2466256184
610028374
752939352
7190288001
8197157494
3871185625
6648258305
6372946125
7696413408
1640182305
497532627
5555830570
2271738950
7807448800
5880574694
4283077704
7807432936
773220224
7986396380
1951401892
3582115438
669690967
3355745523
4303952595
7352926747
7381398909
4903273784
1874459420
2838374868
4704215488
4797657900
2558781257
8702364355
471807749
2219064604
2293453393
5699547199
7932410781
8316735324
5442473928
1112109004
6431934725
3293499078
6095427570
7060184676
4920243612
7782839205
3467828210
4210735595
7118411334
2902869463
4299692501
347644404
4066861511
8406233580
918739796
6068426672
7604253561
143080321
4735591041
2369686782
840999050
4487651080
9568380304
5607408344
2234601295
9819085897
8870157568
3997202293
3459143713
7918723010
2915721136
8098160178
3052804889
8352581805
7045114276
2328985171
3630510689
8777588733
8380708524
4710861763
5500960942
59455004
9641000323
1949557795
3149800057
2401870935
6305185779
922904920
2181389422
2305200945
9466706670
2657739543
3826677961
4011010375
3283695966
1355895655
4872110304
9921118218
4562773759
7090537133
5034699504
4465524690
7346603174
7169909284
308136418
8880455475
782268011
693397122
6904515717
5387392306
2568735734
5882382297
5094804665
2977788877
270194593
8014379418
6943785694
4945991293
2846141893
1308401604
935880564
3780793906
8388995851
224648129
4903478281
5505886424
4855665417
4735691960
1580789741
8119923422
487986725
7054337534
3926208086
6712725387
6641672971
4425411352
3013536764
2952820497
8541739689
1869186378
1841927757
8663417269
9704655210
8588568701
720783307
4441165638
5151482259
2351846126
2261624958
9801144843
8248278281
574822936
4151982498
6853106838
7768593404
6325548570
7678894030
3638906860
2561069861
4641225021
4124603650
761290432
3603185249
985534223
3166701780
1170082297
6495999035
8630949426
3222728410
3538351442
1167410637
8604432339
9160685538
8730839946
5691606316
5383286820
9883510926
3518943014
5735544675
2367865398
9990503803
5132576909
5777586940
3453955477
3957321140
4546952159
6678460311
6465669790
3944799143
3642850106
5735740674
2612080264
3485034022
7538150798
5438345163
9608318123
1594750439
3504410945
5747841691
4563023054
1726175993
2297913006
6353454002
9285598776
4780098939
8068442044
919936231
673239351
9237310345
9739016861
4713725027
5231390327
5150836290
2666295003
8854242662
2350639686
3125413279
5370177777
4374902623
6332677780
6827723014
9818887958
7742549635
2684349308
6117150699
4703077135
1113163100
3830521846
1125909697
4206487041
121439591
6259436688
4126371730
7128172911
1411669729
9165598396
6222591573
1025267481
1513160097
9458573707
8433228685
3594354360
3433626146
5972690981
9983123689
4621797763
1707435255
4347123674
1576532648
1068394152
2406941184
108434788
7202418691
95251131
758697764
360913446
6608104680
3589274990
5363970814
103669086
9178747241
6538453860
4559472909
1334185786
8316610475
5359362313
9658636930
6368117833
9476235962
517629525
6437770303
7067153047
6007829900
9585944575
2427329950
171991086
593810860
1334356957
5857235049
8776172245
9018764032
3950014626
7882188054
2422117228
5848498095
8187537647
12144445
3337109251
2433216307
7260955257
5813807387
3602867185
6406675661
7686662531
7197346905
907680907
692860456
3528227395
1144576943
6023954482
8153810977
5281809411
4041852682
6649773942
5743734210
384183041
1196644207
5696580796
8744376735
2362978215
2956809246
2200661845
72460556
7321435244
1650827687
3783847843
5695671749
962938679
860930032
3799818071
838336162
1114053757
1842503258
8652056438
8714202957
4381824082
5299566558
1603133362
8650807494
6869570589
8738902075
8837780633
9075651204
8576593693
558578892
2061926318
954898078
6921373900
931541265
5564427177
6007667245
6475277826
700436335
9291402281
9376376990
2616171122
6093129511
5509898562
3410991496
9473059894
3951938542
4826899061
5120751084
358960958
6096036313
4919911762
2143350478
5690484045
7893517881
4727004413
3442799658
5603746521
7701203469
7320563622
7572100236
1272369325
6736752530
