3138113635781957
8776444541687644
4236157924619357
1536729886325543
1071226438248360
7157170004514774
2541449383651585
256160151212700
943571694443520
5593158328114143
5112341659819235
9149337525034919
1204226216256403
4082711616555757
1969636012284339
7115025985038105
61509275922005
3063615275648412
3228483329217297
7207724000826454
4012522080397554
2205727091066122
2530621848906796
22133856198367
3673005967218209
4016166399151347
5262685494590267
2170477606834456
2841656214283569
1283169177964411
9994143934263550
3351555874645195
410556086689218
6421142302618729
2394552525374871
6855005282352283
1792835126469614
8713915122546950
9446581086601366
7562882782730454
5780171019571698
4448150745108853
5232505442312421
6322184175079214
4722244399338093
3112562555660962
4351317890990424
6197777895354231
2289836458169182
8266013696231265
7540175204875595
677010783884954
8326627752201253
1833029182411261
8815486312715012
4337037291027654
3640145947630768
7188089631230019
8953816361575881
6600624602301518
4655416795098240
328742270298656
1013765299345958
5104005488426351
9136128765693508
2279985919264821
8560893684012949
3806552439412698
4034049104005876
9558146661453612
4745470870290937
4785563449962394
8916105194336210
1625835887160228
7468318348595408
890099324535206
5623907956674274
5870002077870234
9605978887716683
684978766208035
1171459049426414
4945882111463508
8945967177500188
4073885340882278
7096514098655243
7295758040277834
8556405557757652
5394005028959502
4257018628413707
4447577608130199
1793232297735435
6382732228069299
7485406703963986
531000990342858
9062494769296770
8625331451470590
121425997334917
9053537591640752
8797304000481022
8635738834143362
4952377574334573
2890449704189443
1919483936224958
2922294030101711
6086741011160259
3465000100988745
6149587911547234
9047357229655266
6431703060633196
1649745460316086
4028969298650561
652231248824994
6546430686208245
1928097114483683
9730755674941608
4764514431136402
9506984911867077
4402383067786873
4345447304497428
5080497484344051
4825157883006926
6213893843574950
8955351415878297
3616791953922289
4887244827162994
9048891086067440
3194300007373370
3952895342135933
3985150341982303
5370333929788967
6055909852374523
5463839821211324
8117526775250839
3929240753213072
8903542284883108
2272035106687195
1006621557739086
1987262190463344
3227937625269070
5674147304981247
4532227301741823
8326306857517201
7018711030301700
8425300576844903
1654199541135187
4863386362138782
387445145795028
7472864960493187
4353965612499561
2517519419821820
5884490761427867
6143740639421001
2732233010655384
8665797716271853
5605108027315399
7939877100902560
4593213221879224
4684008238147916
3529532750056864
7555338547751949
2337716823599234
733024301217129
9207393562897041
9455568195318639
7012587463230088
1941398882112657
2517896242484722
5052969307014631
3395755406656811
3165535556415931
2766524943753360
8028668950545649
528190003005960
2684958418358618
8015041394832759
1826769632421379
8280392881200263
1177690417868774
3001024161437681
6510083632025476
9142934551201587
8466460387104496
3852055216828921
1362128188133228
4721017344560375
679266702295915
596048024437510
9076857608256403
6361205129510443
479715776776015
2917654425763351
4140307170700886
6691938852182462
522618449282340
4143768818123890
7020797642666145
9380069690925241
126772251619795
8078946020395682
8315219982762951
1695206519249594
642179864009304
2869567871559309
6039386730107019
1290692251212342
1329110087222035
4940318096012801
7637697855275764
3350708292182519
8902695026508314
6879388330428155
9029735273425253
2504671562991220
4528051980739290
3928310721666054
8778634655265055
1821646523738702
5804578052530938
4773731692188535
8531791210958083
2204601667205197
8054063328485612
4867202824476547
1812355730411549
2033357548236827
2388563668547956
5926281939626070
8576964223736105
3427050994639758
9155559872845731
773817836602046
2126893975581035
5764217724850188
9221174656050813
2104093638209205
5911875769533662
6977881746267334
7520792263655527
8498755072199520
6223532386998796
2969797528794327
6636410736544167
3440737863404348
9850176507861916
8586145503531729
3805035202231805
9647805296825494
9557965904143559
1354809064985687
4967135200769386
4310837727503375
8192451553096788
9219012291481301
8361726992038974
1405293650635910
6524168038756669
891541860892906
513806890824861
2584142019872600
7900698465531505
1621625032535571
2039417783186484
7392504482119957
7384142975848032
2890185303789374
2996731481574637
7720272441509305
1528204653790313
5445921203208801
3632386768422557
9994101960962936
1580515885675104
8186051046598910
5165522357902338
4964210700445945
250412686692553
816114194411573
7134445084100886
7733639391524165
3937554101334717
5192088839416084
6596918465587715
1838742742574967
9139465079335860
2399999877805624
8942269324906758
6615063100479800
6514448568133961
2333381368787558
4430495424906209
2534575278021620
8365020958257285
8847038158222812
3665156383414040
4180673769325976
9328010702902214
9107081101721286
4687878869110332
5567842310192525
340729176680701
9338617573448095
6037818006635299
1678248654623626
8583235365963811
6569471781844920
1348314349670021
2530783334855231
9871740445461233
5020573807141743
3387850674790601
6121514083550475
5548336408911704
2535507347627560
4332148548249944
9568662102391806
8817914922535783
5089055564656655
1014366115707817
7417651789845212
8050322055086351
9764938001216882
6918830023238817
6140605193504056
6550985305516208
2010392731770854
7079533542275866
9377464274682504
4063790015420768
7977896222365691
682018366549086
5774279956205539
1709321151368419
4834814157268134
815833904664625
1810504649025586
3390390537359347
587881300351278
9074543503258388
4283812946572905
4982173455645058
7181656117509945
5925826157100384
1364953236818563
5468786563518439
2671241863043756
9964635327064533
5312737956990194
6799101171931693
6049845147593189
2341863045164851
9053806036018838
9343462540847283
202735289432752
8094296927109666
1865000599944643
8631496117814725
1918459560213426
1238767532626209
7638719442962175
1075180137114272
7241116164780822
4131336792326694
7617682438479785
4280651447228185
6718572702973219
2980756237390001
1234069073491964
5848008779523903
332289063214843
4423637723819771
907838432028579
1944072690133689
9287636853824277
2361609133544508
1529638372406367
9463136376856107
1450842203000532
4032172273419407
5267903455861015
8749180046784842
2090643745264402
7595437749619252
3069445522113239
3357732536650917
5099342187195424
1749006822702398
6827265816371733
9284842713888938
1508725897084873
3080549101147547
3531492150287821
6990351440001201
8050400536074823
5961961482936370
9900200040804760
3963702702446077
401016468000188
4015416135169598
492732953395229
1507855637552189
7663608781329135
701400711068428
4566125528174025
5096821285069985
9772709059099248
9509327449459767
2315001297894238
1389198874732376
8817627630287321
9294918176427130
2742885771655995
4189193848417064
4542297886260191
8710689870825695
2016042146724410
1634621423381948
2611224762931383
94408273060105
1946996882741748
268483136398461
3595208822171416
1766339267974421
452198766075990
6552814102315215
9893377749733091
5633756674652862
148344661079967
2078065072369526
3176298913394685
7153931309596076
6123043143643038
5797125895578543
6285182948949815
7797811096155597
4941445509597874
7446442950966850
1001146023910643
402345934741356
6970962578149749
5474987960215525
2503026808542947
85712494977835
272781510607894
5010677162863438
4085242124271397
721707519142600
4199921531051838
4700439032858398
8250100443687122
6167731248452564
3210893372695874
6719532086985627
5114739565722119
4597878048325541
6459389831494431
1980382967409193
2790707194751309
1039367478490832
9827737225163717
9067833992542206
6697796846454123
9786016120058760
3198197631216439
102937767086252
1062154838625249
9004231054168681
789943060253670
3320424871959437
6132895603246624
9518085938088733
3033358580731826
8777025436428178
6158038417193618
3178252407392380
3558591903065104
5437635016915862
7341079298863175
8860803373892979
1023428232056838
4273871207787443
461424419834289
4597292024977621
5564498981865228
8115415660153163
948725363221216
4661816042891268
8124021236938216
2594642446431624
7447648517600558
6166789480872043
8634264032644225
6841324778277747
4883578164563188
1731969127725442
4006827412046537
60562314294347
9701343109910616
4214570746494395
3588019630473767
8981359946976688
8650641735010108
8438343665088870
7934099802296528
3105645888836182
7451543728310999
3639063800568385
4266800444208885
5273569023818422
2155349188375270
1275513699021043
5408336629754268
1197626600664458
7235104483718162
7546818621442113
7326877197862158
323483038095267
126799158487812
6838455404828384
9147472795730981
6299654766310332
3485562637429334
8758635431719643
8983795067089801
5490733821501478
7305701038560028
5670236177403518
5413860122627855
3054053758882207
1324614420243203
4082249034634473
662556282583020
8712731669188646
6360676090445767
7063490318488556
4557164584445444
19836941503142
1628564786035922
8636114683162156
7228111255257268
9245616355292262
9401081434854253
3068964821876615
9246553783770190
4191903923019572
1265816234264314
8210428089325291
143408265574910
2940402578368572
5659624781968975
756703734143154
7520816539150094
5149054095517633
1385412990181730
4816835706658702
5998947974725077
6879090884832501
8163481473219122
5316299634290760
7797352280370712
811266066166119
4778557138637107
9490713444518940
5529790772026514
3912933764527102
3474604812709171
9290574363312799
3902353289792943
1579542804324074
3499246181060748
9809392081965986
4095995258357532
2065992198561505
1981530364030630
5148267683582128
4808423994299062
9138361175217425
971120061708025
6512596467841878
9621609418890037
1635814084611343
4995157694268094
4415263746544367
6289863350254234
5795347478959367
1568528810639175
2684388975740772
2093318301716553
1745606675526343
9122449528596010
5907120083694783
9937271498826942
3944578474934400
2166737001710311
7584200194534165
7868325552021176
5510199079054140
3110846824903493
7905430659490693
5547609970503693
2516953436552071
1299951888384869
8990213197074447
8738926020239176
8588585744466047
5301335047771181
9763402971154944
2357303221391480
3796808700566085
5823007278321538
4206876221174932
775911881317546
7954226510465701
3834485624495344
2631078382014603
5716140940741748
7722443951034279
3289066839334900
8657954480393593
669029709812893
7572401420482316
1145712019362279
1406971122189033
4138571535875434
2808289266642698
4482812307309404
8635478245521428
7398284932732621
5119403130707942
2579938954100135
5896856817473161
2357636152975564
1682656023733066
7276289357742527
2041903862528352
4516391460082247
8125507893505000
5692950035012369
105309550226775
3868508208732567
8130951898112147
3063972753117285
8183191833282419
7761411308772029
5556738226351859
239732512623722
9201921973832096
9749784368516662
453276146575502
974654956786520
9004434294214621
4024629313800307
3142026750072032
9936941367432019
4611052523936144
2325340635480877
8448956109089903
5299958647104513
8653788562262194
7081807382283323
215307695089689
2198003073924114
6711384959358135
3470443096225813
7795503852567480
729034000119925
5444366669364720
2605181147130452
4188965360728325
8730424653449554
1369627783359865
9003837251761204
5135142183240435
2382909054013294
7201665277260903
5650674311363203
2932063897372790
45496111293166
2577441097602143
6842923211345997
5725328436034374
4281008832094739
9249427465599443
8071432921949229
5077655379259113
1571187382523181
2042164266829885
110746545781946
5043122278557575
1370530105824043
3052285152245147
3434575919209497
9406933641116213
357843559543427
6041602115003241
6031133427979356
9627760679100717
2995009952445091
2525605899649495
3430355338398069
5676405131718058
3950911672220707
8820382703460222
9480398486946739
8223242643229969
9497062694774262
7317916544693123
975161599589992
6355300086102037
5473543943657180
2322762782989662
1384907328773786
3567186390892753
1689042197251005
1003855161766229
3806003582521732
2088998626430168
2798725800599762
3301577581008092
6057833705434928
2328909715762393
995567918482027
6959446558898768
7210649848243269
1897406154870600
2666969195898029
5263756004198747
6927267197632203
6946064778849371
9903713959066616
6442732770517794
6383571951796605
3587412482730209
3776839871445389
5610122979189803
1168379648895237
1220922566786372
1549717962752158
6792162567540924
2418858074916269
3941824687981111
3410937517002496
6177278242223432
6829319199395048
3211814838855931
4711922880030531
1182703603953146
4826315028433301
8499803978288852
4032710559376272
7076167975849432
968943566073365
405418362426985
1721378669342280
7160273741360972
2981690033807488
1859271893222096
6765541956468660
5674268633864168
1698009686987144
3201944739688851
4367826538555480
4634152508022299
4610837872204905
8036858084263952
4447570040072425
9723856951807157
75297771244000
478026117173617
7349841216475150
4222054056326340
7982666780517575
4922045018029011
5763087437356455
1662775066634106
2302977375040642
868167141357600
4744348568276127
6575404409557113
6976818643211073
6068672720398478
4010664794860097
9664663415218090
6083706094377066
1055644183907584
3620892336821636
3318018884820658
4165654984726312
5298896566254572
4232428935630065
3405811505424740
3958968018099682
7462891503939415
5868248101415479
5728643793728347
2347817226284640
3799306127832130
6028115065991793
2922555355145257
2102601288564828
5812362563248965
7947096850997206
1588831930462271
5775529676407025
4100025255529301
712492819130451
3006661190568469
7728534188508459
1807773702209767
6195256141910450
2823270514739567
7020040171796847
3503871903421793
2693021060787497
7366051722344778
4178161739509117
6882186114014506
2817681688457147
5304294105643034
3101246093692250
4766867612813398
9994570930815168
6830318678273085
8664469427495393
1015080600774417
8149898833496572
8466532520197925
435762443011189
6808229249485968
8512885267699850
8190960557656374
6083838553135838
6324933117850778
7401685319077095
556671051534179
1848032226007945
6385974386537441
8328262658990998
1770075294413182
7896862183652152
6221408342503136
5414734910560101
219480194678860
3662332629255074
3484067580212767
7236854434798489
9996941301321033
6051345419634048
2432591868788832
3329529498046623
1256527490027347
7540166055434678
7614672934440304
8137504750535598
2911291837067053
3335171576741141
6149891701895234
8456948345385072
599436222791397
9221996238809724
7554675673675274
571338298965040
8188236321326574
205053138033902
2179017315878469
3105574407317822
7361665833512548
6066078397909373
8406924680740039
5665752956219466
7623286723004402
6437852767425413
4814922343685236
6871277968008713
7370669219728424
3959879118264815
4504015364915102
2471773835237870
3261924977567327
960088672703062
6683426237744024
2839827445505909
5147017208344317
1672852014466626
9700307487392760
4854533452424908
8918715377312710
7339134334183611
947103943425126
5436215038217104
3702880760165719
7744759346867445
944617555150122
3511224218975023
414240685282996
4645162057357231
467651904918827
4744279676897345
1522805204947046
2500898731095481
252703114326059
6165723417897765
3238094135168222
8247326264872953
5934227654624645
6857051732971950
7164788799731156
2048654829086353
9117345944130725
6814632319394356
4878976204829190
9599284920377485
8825635880307641
7390992337315642
9697964754031231
5200212166184599
2071423925777066
5359737830977867
5784746571582090
4233527376953461
9735744066676121
9881840044909662
5843434742784629
7683403715670068
6784509205496446
3007834443753066
8058489983080995
7969776515806001
1220702928697128
9225056277848250
8462488314308661
1366253159557430
7638225009849140
6110709689830912
7071500111157865
3286136868546083
8032697560656031
1045567731076743
1394893054435689
8664461125742743
5441361457727927
9146255748205528
7887837001473149
4940984393995858
4499309113911037
892865701983326
2258477978688459
1101673005347702
928904740327445
835034215731490
520819361398858
9201445261827146
1567782325820794
7782597402049159
6239220381248850
3887605954625449
5792714867278825
8412705414650825
7923617053760841
498918487120081
6450522610792713
660179302594896
5011042405025375
466792249261170
7919187133416389
3332788468614100
8335447159052076
9046908157060154
7014144921584022
2387785431976286
4645693806081051
1659620741733998
54541888062423
6718116811066030
9923105189908172
155377333028188
6321908931712527
4524629888131755
1831167066644947
8777449595913002
6942586879171613
4255113707950326
5328838536707486
2304316202902841
3657085363912041
5859770137840736
2187894443285064
6740763859779671
4374354643168524
557645428027182
3489726399721545
3970030437680562
3471653265309050
9244665561848526
8583770710331515
2233511206076521
1632563162247566
74056629639148
7428810725747264
2220809523525874
6221924280835513
