1074661137518
3242155224108
817087147414
5108816348782
298170388321
9672620615083
5194378017946
6479595461298
5063268885791
9240214149817
2064837590200
1867581624785
1829737070740
1222351990697
9032601420121
2846264315187
5461288853889
6442476892764
6132031552741
1440836222079
9402683718681
9491835401534
5465852795947
9375404116055
198703401060
8866910485295
7276478510232
7964964432778
5276156946233
5282456930698
3515010629003
6408502339135
9947740867356
7325052681997
5875044457987
1028266329500
4592127772450
297620740297
2918819201358
3244342322829
8840010079391
9084105941296
2900951902525
2504148353569
2009585426701
6700644829489
7298634209120
4347648950735
1527770282974
8224722628112
6153410960762
2126886721056
9982841211214
5761996493479
3279983989849
7481956234762
1535054915902
9105634126907
8664817238033
1159562446308
730610866109
1450186346245
3974141122323
1299305823676
8712114583220
8439324096332
8992544291536
6480605608977
4058221653777
8775695686708
3441696851053
345334893538
5653258730061
4942491888297
4513172213332
8649617026402
4792196540173
9342015283642
6974497760547
9628075348822
1653551412272
7864282346136
1332156978156
1420255691987
9049477478546
8744596702037
3582853543271
9595133810373
7172835758355
3967342543114
1536942881662
6039846344409
9544602562121
8289721729072
4158480427444
1312330014326
8157572974380
8925561773119
8276559102884
4970250433962
7450536624421
6702686685964
4348228751109
7486916028080
9682143952208
9165402521353
1713137704185
1207476833775
5475905713709
9443019654645
9099356546746
935608998058
8329274768400
1711068394341
3160060260122
9685779466298
6156856632895
9173550399322
8522293516275
1187363143481
723629133933
6486155001846
7620748588378
2189627463113
3547585552447
1708403377869
6876855623272
5878296689660
2075929140346
4633875732706
4714388976561
4068601330235
1175370420762
3547288479119
4685067077659
6077875548082
7598203113598
6381757608381
7290784028770
872223910856
2511460250406
2981382700499
6047743898390
6064612646801
6057326683066
9370414885514
521234746778
3871355098758
1105146810420
2726279111635
7873855896913
5936239737154
1189197612218
6813933479487
4670178758238
1697685914406
3516449555833
2760699314381
6257739383702
5446992328139
6749450585073
1648426397310
9170077193464
7655501664344
1113433756716
2527563039294
8511900905275
7238174105592
8966392942166
4172500912328
2740052361834
7192631058453
9747662475822
7956891416431
4875364672518
5649664616158
9407552119423
6144347082108
9855524512109
232802285954
3854454011080
1647191323573
8960445335842
2111328150601
6529848316514
7841545524975
3997059171158
2445719132157
7644610856505
8619689706796
8371486632437
4713914212629
3201092867650
6515298548345
7627414160236
6612758240118
3952424302374
8009905766540
7289764258161
4496543128991
1209335732347
6524353143172
9059893096038
5819228666411
8928997943356
7339950042226
4321003274180
6215548270008
1301285329787
9133022879253
6885585826832
237947619534
588426848627
4974425237363
1431330273503
2370373958645
8847973251874
7166518933708
1756441941798
6372697249308
9378902381467
3169627350495
9442395705575
9546692250844
6282117783935
6233534556394
4642934518562
5290042031855
2341711223040
5775090887120
7555632164742
4832707925502
3366849713115
3781991478547
1944720095659
663952393797
7474310743865
2923156713487
4253507789153
5923003385259
3911477243393
2937703696768
6385895375229
4219440986285
1768205580011
6676173429452
4235772616839
615204857561
9929129122264
4964856092037
9159729614673
6558969792041
6336096238341
7146729801884
4696184921831
9702581996184
5017560291395
1654295693110
5541165229502
5924001256884
2994877834890
8386051044113
7636408606937
4680072863502
934561706032
9602531470381
7438749871603
2970010530767
4486861564325
6954060586372
6035372307502
7485394203197
4722444126014
3167352397059
893052497638
7503954711521
2411925637512
3764660523438
3218145611696
9217630667787
5040601952247
508373658178
994993099248
2003487145731
1264687477947
6913088820332
3797099846820
6778913480535
1514053062048
9987930056739
7146444794889
2531960401097
6367087884123
2832100944799
2319984855185
701279773053
390283847172
2702876579118
1363960413688
8477671232195
5723108055205
6839824365098
8270933142682
4629398551159
2196662514060
9234930310239
8712545774150
1430876130628
7860171403955
7507791815947
6211152908279
4539602459588
7241612404703
5385188306384
5409691013881
8222333715353
7716138528791
4702383821312
4590456022727
4452748166879
1335265964338
141522429972
296460517003
2060534707269
1969659413642
5284714719410
3633832954550
8987833923667
817047402877
8018502843902
8252791672947
7749030768685
3446455592545
7785570109847
5216495972327
4708077270305
1365672390447
5969710221435
3889722825456
7671728906059
203523428282
9529364173724
1656228228955
4385113597011
7455292177361
8247480017499
2889237775504
4356756152652
8318832347295
4914509663378
5784585049651
7041507241595
4522702889710
7771558806542
544571067682
6498248239868
4378003299290
2017948113803
6569209704667
1125622328514
866424576375
7263669186638
2997909405192
6028688541799
7079634063797
1499143267862
8067185327541
4503730204389
1642338764672
4044721149115
5337820721609
7859860202961
9548901297599
4233745381520
4118264100936
4104083059939
772670626297
3658582042446
104895357778
826544445531
8034574465563
8167879253324
8283512920439
8134867325294
3214897164562
2780862787172
5424047307841
6266867889910
2850487720689
8293676594537
765074244061
6307165861708
384920655229
5899318957274
4540950280045
8134323074922
1620399324119
95709036680
1585500449349
999265205177
8083490933720
1008726917874
1609708994613
8004582938396
3735653666619
838411801189
5972849962599
3111643325451
5026133478070
707295426654
2759368957076
2023841735123
6601861661273
34597906744
6075004673627
1550048356081
5844316900591
9094356103862
6302923718089
6365960409855
1961124908966
1957168802713
3390412052805
6070759938590
4646216930590
2718685313435
7992828117599
1290750985430
326604109335
2236668625914
2362948792543
1045139997191
131742878040
617817918285
7369500769439
8151011179749
8308604683780
1568712762836
3238527101736
7683134869176
7208398241997
3852006446111
594300399041
4462614264802
6214508534955
6119834011223
3187400098368
2700208207882
3253524171247
1946018819205
373170811379
6377763823622
8039545672439
1761895475561
7134651515834
4354193857825
8071781257105
4219134737626
1882456129821
8371527680878
9500907922610
7692573962911
2389094750406
6849266128025
2775088538106
998038143265
74814356454
4555926917588
1082158997583
4113224558042
4219058804354
95317357414
6039815797192
9660582547468
5366402735631
9715187213498
1505733103173
3196360685108
8196805364007
6016007326603
5782112077811
6400164763997
9222196837824
5302550229025
8105357593629
9498275601693
5918667805284
2002056996275
6179960691159
5687899794352
2249425058980
6681710707505
1225068638350
9669671171933
5337497982284
6706025022394
6731209217637
349811676035
4997203388941
8849156604410
1487022461237
3534125634591
7880793933146
9017503769091
136551564961
2694562598356
4632661498795
3656531788311
5347962194351
8767013551018
482078736162
3756694603462
6683527061431
1821691014892
6226205289683
3174289031026
9441813078386
2275010958221
3613862528788
5909660811037
272202844967
2508904908564
3066592816985
4980443047521
8820861468023
5015087056655
9049267314319
3217453422500
1883058542734
456324182944
8647288033155
8194176974071
2526914011841
4563768695110
6982523950585
7128922936330
5331264255326
9948528415457
5436888159179
7043733186374
4369951041324
7952510606262
2378663742096
4036503313123
8864595465126
3222464920666
1598895835048
8027137383571
6716695861495
2453125877986
130219696987
4323193164605
7406578385814
8691594641945
2471520148741
6779940366150
9227988916418
4929390527917
531899960093
7744447408972
4212295117307
3250623411851
6784336961590
8447266757398
9199575721491
1122108292807
6153000916294
2282956084422
961828953976
4921542259862
2036370170717
4805220501653
2905505410036
8901126476185
3079352791411
7283136491245
5600287592539
241532028621
4256301181269
5247215320502
6261369339570
8076326798031
3271810291456
6241589122063
8803014493665
9483474900762
2997757376539
306547808116
6453535060774
7584476471784
5949885697734
8835590799375
4759537607008
532959233850
915395934454
6086101548155
5852490231561
1989599708930
2206246792053
33291800418
3761576833575
2415411584931
7918209756847
1529534746074
2702760237225
1509244755561
9162369754109
4927521243536
9151702376095
2403932054928
9283629818273
5110973783659
1691739921364
9802940316288
8093805992912
6628914923324
9708580826401
4435903001391
6686829343719
8790243130003
179056701709
2143673545703
4335595859715
2155099701704
7022850196220
5324873710902
2237761704070
1063849110005
22111000017
539090890536
6949657273774
2043301324894
5166727710985
1083748081824
9941953020907
7595072056660
1703070626285
9861146831621
3460746562484
577254525486
1152599030069
2599235916443
1962962210195
2523900475749
460570613140
8478862624399
79697812579
9923278933739
9862640897189
235514644868
4882721079896
3223552907769
451022408330
3162531898479
7904108238763
5817715186493
6882112460258
6942024513280
93879401265
7858722411676
3382653567554
1632480042079
3611731636045
1461885924
6395684466024
2532608623758
6166951120367
2641813877450
6930002276055
7794243866547
9025557276412
7989772987325
4676464988816
8843499544346
7775518633648
5941054474056
1005074483354
260916604138
8279141242454
1006927259881
9806857997192
5823899371206
2109656330195
4002102450004
3117241844285
4737854049646
3287797368555
4449899646740
8628241559358
7053822173483
7910861815911
3392813843696
3914700700925
8266596761285
6980953571944
5963358945917
4393360428852
5723379599194
9632631418026
7791988170224
6452716723886
9734093700118
865049265259
1115652540781
9981083220801
6798015090054
2702577104253
9062757226014
2763706734368
97787109070
1740602164860
3629961214993
7423979989574
6066411446658
4236999738394
3522763231239
4865957457236
2122228532177
3999463702957
8575046641228
8799349941596
3502706715223
3081210650646
5349837631493
133952934339
6288164390258
7661238122341
3149059766797
8766533273363
1282273079647
9490091438921
1463023520558
4669265964242
7914150792585
7987178385269
2505090139529
9408257367106
6863602132162
5590366454263
2962529576347
2857130712584
2947974824815
7008380588908
498033267647
6673295448936
8949288126301
1304865172382
3576410596034
1949649569153
9973308978058
8248343044658
1874684294943
5903410539891
457825523578
202679726418
1835148490047
3018794697847
5580400125624
2763159150827
4774434389945
2415731782058
3314971394705
6933617016090
9696456116150
3909851221320
5422030962659
8412681178041
919943360933
3656157275293
7368079412680
5460988415479
146121652244
4267335080104
7986337538754
6013054418642
8582104035769
717375047535
3156282156935
7168621549672
6665344207093
1457528996203
1212787752652
7296805779261
3145709567887
4795130851712
2529368732071
5971782499513
4876649042151
4325174096489
3438349556220
7395814477627
9222172169121
1815781954517
5921914090364
2762527676583
2431794876316
1704414702057
5149778048078
9631769279985
564159434090
7229910080745
2488931665226
4145994741450
667832050581
568948723928
3038184232916
2772791596317
3799316505122
5742619873786
9041691330608
7490996686847
1189086827591
2140890556879
7963945192030
8573420440992
9762873334182
9032697207974
6144744913830
9715432478562
5816889319604
3354830294145
6883553737094
7271316074907
4046492571429
5726290975552
8006078102675
2299372882179
7364155408554
8435314715670
8003312273184
360041311382
5326166099336
1901288030073
6572493649072
3844024394469
5431536440493
6963214620323
431749170773
4559681373531
2474272997453
4426738051643
9590726475818
7586144956203
6997009608649
5076525542167
9666734114038
5800959358907
9919889670268
5998499247713
6868937471416
1562589181818
1150845862391
6893130581984
8304853275648
9879975678874
7728787702909
9090077378496
6576473464560
8829373135758
8613857811519
9977917930318
7593984400597
2786799546817
2778962228584
2301311007483
6349959918367
1611851975539
7539283858304
9732939535859
5691675056430
2291334454132
9550985170195
2448812199291
4389681951185
3346833776262
3773349683197
41155227549
6045549938705
4980358065719
1190559484800
83009736850
7608746907095
7760655779342
707179679305
2911409328569
4065918265864
6061491870069
3836238429627
7757689036254
9384610842883
4869684392968
7812674080377
9787485573757
967598239924
2005639545193
2480848911483
130636263701
7644265679216
9835097836548
9864766054982
977135288487
9904772806116
9312692815362
8911902512081
2874903182449
6983344229356
7354600023580
9852419138201
1188881564950
6356626490132
3981714184040
4112658987982
6626998810552
339573567809
29349524551
2880105402169
3652526230237
1350112052995
4530822969520
9093261190864
5865522040416
4469004997367
1431965663119
1792970662271
9373338452008
2134726685853
6416193794211
7115836854962
3608260971904
2479507048519
6076327170802
80630070404
4934201752221
8122018186621
2240315000611
1891604885611
7891916326753
414440029323
7780612980677
4261346985884
5618532941981
3327391428153
470848600336
961843962138
9199480419287
4842877209275
1636446404270
9478967213778
864762689836
4171306224277
5821234892011
59563669960
761949502296
9518057929469
3690586627317
1186344865338
9335707120370
3194005982024
8698821504290
8362123975211
1205462080095
3001419505662
4780827569048
8186082465947
6606460623692
9770830461465
6183433816748
4682937552995
6280273667860
9703990306293
8234688740929
2722535529099
5986956120747
9524031131726
1395620890345
7755191299204
1602343949080
4924678380260
1442331190165
4547078535388
975339635620
7160921688306
987054257678
9757163777580
7954601969885
7448246666484
3402899057909
2563074943384
2598178416087
3862197859998
1346966146161
4410606755138
1047414515774
5005941669226
4501925624209
4496766542039
218370890653
2380129617191
1235066372553
2782294179156
