667114890
668376820
880682069
697353079
579110370
666306242
510624740
739426012
791134696
661144012
222575157
722515035
605738280
579892929
737530185
692392849
501507402
603439989
784418793
512831328
884396136
328264813
662218667
697680607
515298949
664311687
669358831
605026508
537022860
518514767
885917772
734571174
603302674
535726662
600569098
662077574
224931491
884446379
515201993
692435342
509826660
883119879
228684088
727832508
502299620
720785305
695499189
505513039
662168655
791599537
696805131
500198112
696403786
788988502
532435618
884534511
575240683
517813134
600407078
572029643
575600550
697448157
724221862
727023968
696560534
513476290
720951597
570374070
798057885
500038996
221360445
322598293
578795567
221559175
732737043
229164458
510455911
660472344
506134676
513174266
573037519
223702358
575571131
329193172
692459832
531974004
798398738
578380614
510255256
576089789
224876568
502395026
536150313
783521507
787830132
608424467
220704020
695084257
531496476
570306851
792096540
886986842
220391902
784110034
327674750
571258752
694590764
690225291
533860741
887692881
737364949
785033962
660460718
225501224
792851796
531966094
510269940
536696499
730538250
574842143
517189885
883850933
789189997
513655837
661596640
323949070
226124275
228919379
326857260
572408173
502016620
578849899
530298486
228705555
607837062
501840339
579609490
578819186
880197971
327135333
664159146
513610398
883322075
571278709
889550664
721954916
223657578
228638349
799435200
693970136
793636341
222564282
320462505
534717845
667006274
229901378
796666866
227828007
789816886
798926105
500768490
511468804
507693492
530429232
579548181
327111201
693961719
665703462
698179544
781545356
797405199
722872402
600754085
787838024
327678692
606448122
577744646
530103819
888378457
730896616
502712196
728675063
227095846
722848772
578279211
504985463
885409815
229594165
791159752
737280351
796514869
605860264
535989420
782381683
501993334
794774381
539546285
601628556
575683086
739638320
518001742
725466553
796238396
329808845
794055005
533646359
792604141
885917854
532116263
327498158
662950260
507909285
886859956
223092591
695213318
693117942
324327279
531291104
795105870
695932583
787133008
321395454
661792763
881252201
605421109
737015927
518488100
329826956
883063701
607604983
518286951
664111467
793564049
739209623
691626961
782521960
535674013
886485140
698645786
668479321
601544333
720621436
224005893
695353576
608269104
325143845
668821455
607515071
728757263
222919284
721179113
793888323
789940945
579139248
881680604
736240557
536757711
781043660
799178206
729857194
669750096
509859138
723993924
692538168
224408020
228697165
503906081
884016552
605578489
698087614
517092109
534139368
513568716
885611054
518603156
733892982
539582876
517023306
327006012
516480219
797467991
725578899
724128790
224808713
536934340
731414929
884761972
226040063
571243234
729736427
792935516
720981114
729945848
795206057
799641327
785077452
787413008
697667357
513798317
508212874
532981366
668104455
577858827
220838102
794882062
728313223
575082880
538109369
695219607
321373272
729624605
668745241
324907082
501305434
608250911
791341510
799749663
223774226
222661487
733090283
223424778
539984686
733666111
511263189
668353352
220794377
669784023
782606702
227666860
669727744
783169169
798497516
576611624
511868047
578827378
669945312
502193501
578085743
575191884
577885469
739390881
530413468
501415506
787907648
604471824
503088966
511758230
574253535
730692100
577776640
505957921
884929381
665187280
513524331
884941618
798611860
791622325
515779147
661635693
693147384
509776621
781265029
727158681
724933830
735839798
780201381
517087450
507959271
720760709
229103342
606829923
533935729
226067755
323550765
321761386
222658096
665798841
534315690
733140103
696719828
537930105
791409615
220415745
788895344
887935492
329519184
728980198
725166491
502616753
733668459
609961818
507073905
514866173
667906610
604850916
536777800
221461590
607659989
573205145
227255124
570056063
225888848
516144447
721802805
609430477
736637776
509156677
785885504
226243642
728104051
787199070
571381607
600440752
600744011
578318790
226973020
607174559
224735895
728201663
579972007
511749361
573366432
798425883
781549065
323362195
728778765
739117397
789955073
881124045
662066226
739945994
694152372
795015872
697178425
321885835
799961117
796603856
518712990
884097139
222553139
519805920
733143717
603545715
514681046
793822964
699905966
888950911
691561049
328623677
515387687
320326899
604305398
327225418
691551017
727217571
500593756
606050893
693035186
329483425
504714609
793681173
665582228
228118459
578882391
607245824
573530898
607930078
780398976
537739487
665091845
739271792
605824154
729392063
506698073
220781105
321388970
781841478
534303082
510864598
732033252
884394240
722865553
796263803
327712193
531062483
327204055
325678668
880774104
731544162
699531828
534837623
530754821
519308342
600685979
790182766
694706866
725316562
790898565
790889904
574895613
534365710
505358019
222584061
736564171
518793718
603300479
323927448
690284224
780218585
513064523
575840489
604517378
322854103
731939418
886142643
796876310
502549532
883121280
575103554
887024298
883166550
503433178
577213558
724006700
728730438
536957948
603540114
579963697
696782006
667364329
539270809
697506521
785616408
220715311
608818586
602998914
791652888
228427580
504536405
604104393
517629588
576332516
514765204
696864128
320589110
602411563
732978428
604947000
519909252
327855456
735328455
798151556
728839844
780391143
881926383
793558012
696604951
667907512
794782743
538334033
780412747
783480728
737217261
537070658
537121916
609756061
533009950
530301604
881576399
785799449
604695627
666962215
510101764
799382622
504886409
725892382
667500107
538498868
534992867
880245575
325200995
531310274
609234549
883613000
227485522
798120085
579691632
692163650
788814908
575152571
669502406
881314561
662784908
730481668
690924752
884408602
601203802
608758096
608398605
724395927
881521479
519532127
881397573
690953308
502755199
787570034
789431782
224497162
532244479
512295624
885024302
722511310
602170805
519326331
666322489
326931895
796240667
726445999
328727831
668147309
502937090
535708038
323606933
786313870
885975179
734280516
329914794
665979290
880824274
739951533
518939987
791021411
696533382
574615010
887809354
228022590
794743317
530758783
796087491
570152505
575865925
735603225
503443678
731730806
696004781
725562628
881347683
602018133
229041349
538595557
530780846
539646876
884549225
661526680
602900801
220106654
225015652
518184335
327196434
667858265
886860985
320164045
508667415
602499297
694038220
533509146
512561405
720341801
606547733
220229620
696747686
500174300
533346542
222338124
220086190
575482345
516702576
608376291
886516394
667790498
799324684
572474921
720004339
607620512
738614519
886489959
229857606
882597973
888080661
736687824
885017137
664959508
506205290
795148680
531425532
694822896
732524023
511885151
695552038
669652352
536967501
725091677
726411621
320883951
328819737
571671422
517481979
323491484
328526716
506632986
797732378
785425204
880046333
786333215
880240714
324670019
535287350
691332939
726317181
790491873
516181099
321065117
784829444
729342093
798807295
663129405
889623547
533659000
731138918
220446194
884677883
502940035
225026313
221934593
781132291
572284540
734049034
695694709
505102258
519059444
578856971
534002913
797217175
784276554
223835831
799662702
574082536
794780135
220841779
669286346
503760605
320264135
501346648
727086191
601012916
325524324
321906315
790052224
722019382
605108106
537124066
327858839
788841420
780918068
887948904
533818336
534664982
729663674
788592885
794453149
886340043
518545983
729750081
692865732
782519127
510468482
500309035
500823421
220256256
722134547
221124637
798832118
693727667
224968351
724834419
511875052
514508740
696569338
321775315
667704875
577362708
506072547
507342394
501280300
571684246
690928956
503910176
793632439
601987172
220370645
784437214
889635215
507704722
885030451
784992539
221147353
323789072
692253137
519504255
226419759
786875237
224691167
783108915
601266284
692282121
539574795
720520603
608223812
696747129
573606117
570926275
720059203
606904078
735009881
328236786
578380768
881483798
534107209
724080429
739777718
794739000
220526080
727442919
723253034
532023061
737784160
722536366
517324450
327092575
539606704
605812065
539955366
533710296
735230327
507385064
324997971
669577983
538843298
504980053
736234867
799237429
729607413
600347823
664966956
883481273
663857536
798560633
786307522
721338576
531264272
320844494
224248533
224673336
796165873
694762151
329555716
577979054
736250537
665614465
502785916
789748728
667987264
320587983
660732566
518104571
539797402
666554445
737834968
539330216
783738262
660331887
780123123
504919112
229457629
502635474
884627603
882552981
221610931
789002315
511909661
720031351
799890844
519425910
575242149
699150984
519308009
511129573
667012898
227911766
227661955
602445834
723679115
792415333
502713009
226418550
329230821
886019232
324600071
724398020
792234418
783473236
605933891
502741145
575836919
506633507
327596101
579501708
726468736
734071945
225242305
609840127
518966995
796136315
607184513
533845951
221364699
578686497
737392412
730127583
730914617
722574428
699839470
662845802
326707640
513929925
783244904
794493334
781489109
501354711
603231023
531359766
693889893
785348802
509961760
789236232
793925675
726758452
511211632
535966175
699437974
329276148
577706650
604765706
781972093
323886068
604359215
576315516
323050447
785740632
530314978
513557171
693454681
518679076
576269173
788590184
538305841
729952723
798447919
573986634
786690004
886645127
664256805
579287461
787632790
665556101
697323240
669902904
532133832
570421646
885700664
662575822
786278748
326118295
694581890
880698733
735371610
518255670
507837881
536069309
787984970
693065673
578731266
782677669
882450554
329891842
536942737
786892604
798151931
669905138
222808397
