38.0
7.21
24.1
62.37
20.81
39.5
18.21
31.36
34.24
38.4
81.8
74.34
79.46
64.6
58.56
95.9
6.55
60.96
20.58
19.71
26.5
63.17
33.41
89.68
49.4
29.1
69.81
24.98
5.78
1.91
31.34
55.63
39.88
27.6
87.68
37.7
75.28
32.68
4.77
60.26
9.4
67.83
44.71
55.84
8.31
88.77
66.97
34.54
97.38
80.72
71.42
8.17
62.76
39.15
4.12
89.29
99.14
7.74
51.33
36.58
4.74
5.4
27.62
82.71
66.5
68.89
28.73
92.45
52.65
64.39
73.12
73.94
23.6
37.26
48.37
81.88
16.42
29.25
10.45
35.8
46.62
41.66
82.9
67.54
26.8
9.18
89.39
8.98
61.93
23.48
5.81
51.37
32.8
76.4
1.99
54.28
79.92
1.24
5.93
14.91
18.19
36.1
57.4
14.81
64.59
19.24
63.37
12.15
4.24
55.68
41.45
8.39
24.27
50.76
67.69
51.85
42.35
9.48
47.64
70.11
54.3
49.1
89.51
53.37
49.71
96.59
53.9
96.9
33.99
7.7
64.27
13.46
83.74
11.89
3.11
40.22
40.47
4.9
59.1
26.2
18.4
78.91
63.66
48.39
63.84
5.3
54.61
98.88
81.83
14.56
33.1
18.8
93.9
63.63
36.4
17.31
12.29
98.67
74.2
39.83
71.38
41.58
26.3
23.62
24.59
49.18
58.14
27.36
91.87
44.81
81.57
97.18
76.67
55.32
49.49
58.15
72.97
6.24
38.69
41.72
78.14
90.25
41.93
50.18
91.86
85.37
56.11
10.88
6.56
62.34
13.6
36.92
30.28
11.37
3.85
78.66
28.58
54.92
3.17
83.63
57.44
99.54
45.58
86.68
88.12
21.16
61.75
66.15
28.84
54.93
7.16
18.61
59.1
4.51
60.96
36.6
45.9
63.66
18.63
45.93
19.42
11.58
27.91
64.89
61.7
93.78
24.79
22.29
79.48
19.37
25.1
24.1
33.59
43.69
70.49
52.92
9.97
64.3
66.71
25.4
66.3
46.21
9.43
66.33
51.91
20.28
20.1
6.87
72.22
93.92
94.5
60.2
76.13
91.72
46.55
86.9
72.7
26.24
83.68
39.78
4.63
3.56
91.86
27.79
75.37
86.47
67.1
15.21
60.86
29.39
48.99
41.64
65.13
77.84
48.46
71.5
41.3
25.28
11.41
29.12
40.18
31.73
64.35
59.88
58.8
29.48
10.1
92.63
93.95
64.57
47.62
50.77
58.81
49.1
76.63
71.83
60.91
20.42
84.5
81.76
57.5
14.66
21.29
40.75
45.57
60.45
23.52
98.26
22.22
58.23
64.89
5.88
81.34
30.27
68.99
69.96
9.69
90.83
3.85
34.3
7.8
81.46
99.94
96.52
95.54
13.19
70.19
39.43
1.59
14.95
45.86
29.4
39.62
33.97
21.96
98.1
24.37
92.57
17.43
16.24
46.35
51.16
80.79
52.32
72.27
8.85
6.32
9.0
96.14
64.59
42.67
69.59
85.38
47.9
0.1
34.97
24.52
63.28
81.32
26.6
1.5
86.78
35.23
99.49
26.56
54.48
46.37
96.9
76.28
99.4
87.29
14.58
97.25
11.5
88.66
52.51
70.6
80.94
65.8
52.14
32.69
25.2
43.89
17.4
63.39
98.56
36.76
36.51
78.94
64.7
64.25
3.9
35.28
10.33
61.27
6.23
83.25
36.63
78.82
57.7
55.11
43.89
26.75
17.81
19.29
8.39
34.81
28.2
16.67
99.18
21.71
60.73
80.95
65.13
74.55
63.89
6.62
43.37
40.88
76.56
50.68
16.37
21.86
92.2
58.69
16.38
80.47
99.31
79.82
76.11
53.46
11.6
72.78
76.1
18.95
87.31
99.4
62.74
32.66
75.98
49.28
84.2
74.15
89.93
67.25
84.59
16.4
12.74
2.2
9.97
84.99
30.21
95.49
31.5
8.63
66.77
17.81
82.79
83.9
64.71
76.35
82.89
61.99
50.4
86.93
5.47
26.7
86.62
48.9
54.65
15.63
50.5
89.56
32.52
51.98
38.7
37.25
56.88
86.39
80.93
82.99
71.97
67.15
25.12
56.1
71.1
8.33
6.49
84.5
80.77
67.31
78.67
84.85
44.4
1.31
51.9
85.29
40.45
84.92
68.28
62.6
52.42
77.62
64.9
18.65
71.8
86.74
17.53
27.16
58.79
75.29
93.45
62.85
48.16
56.97
26.55
59.58
68.78
26.0
24.28
84.62
27.9
63.37
38.22
69.65
95.36
83.7
67.43
47.8
67.39
59.84
84.58
42.97
11.48
43.8
80.23
4.59
54.54
74.32
68.37
49.98
2.16
86.91
1.27
2.77
68.66
48.64
68.93
83.33
53.31
7.93
21.65
91.71
56.18
68.23
8.8
94.1
78.82
26.23
97.85
2.35
96.46
27.91
62.29
34.9
27.2
0.94
69.3
7.25
59.3
21.95
65.38
8.69
48.4
35.97
61.77
96.81
48.31
9.98
14.83
88.65
31.6
16.33
60.45
45.0
85.18
49.62
88.73
43.1
30.5
63.49
32.39
66.75
27.65
16.75
51.65
54.58
4.18
33.77
39.33
92.35
27.6
17.4
16.2
54.22
16.9
0.99
83.52
21.85
66.72
19.97
36.98
1.54
77.71
52.26
0.32
85.13
99.93
64.8
71.61
14.99
84.33
37.29
98.37
56.51
95.13
96.8
42.95
48.89
30.38
23.0
94.43
76.0
16.59
81.98
59.82
55.12
18.5
98.2
75.91
7.54
55.76
41.96
59.77
80.19
97.39
67.41
18.32
91.6
0.62
0.52
93.25
13.33
84.81
52.15
72.43
81.45
18.65
73.69
17.46
99.43
9.28
34.29
94.2
31.18
57.9
61.52
50.78
89.54
94.0
72.82
54.6
16.22
66.14
22.73
72.42
11.75
74.2
3.85
37.49
49.64
4.37
94.37
37.21
54.61
51.5
5.72
61.61
50.54
40.7
10.42
24.52
59.27
68.34
16.47
47.3
98.62
31.25
25.41
39.42
65.89
72.54
32.97
13.5
8.63
47.73
87.2
62.75
88.39
91.61
88.6
88.21
58.28
46.15
19.13
62.59
67.34
30.45
70.91
94.57
68.43
38.93
92.21
74.9
63.17
1.91
5.58
24.85
34.8
2.4
58.16
83.61
46.89
84.55
82.69
34.91
26.48
67.88
54.71
39.58
80.11
26.78
45.95
88.37
19.73
87.0
64.53
74.72
55.41
82.71
28.33
6.3
44.78
20.28
36.97
0.9
11.56
4.1
94.8
89.13
22.83
62.18
71.69
70.84
97.18
26.92
99.23
51.66
12.56
63.96
99.72
16.27
89.85
5.76
89.84
50.37
52.33
6.45
57.89
32.91
8.51
33.35
49.92
82.32
19.62
72.99
58.42
48.55
12.43
38.75
66.88
33.19
88.55
48.85
85.66
56.52
13.63
40.3
31.86
50.2
54.19
3.75
5.53
40.83
69.24
60.6
86.55
0.62
73.19
31.93
51.77
81.1
90.75
63.2
30.27
14.53
87.79
84.24
76.23
52.22
76.19
3.54
47.18
0.3
25.8
72.49
42.12
12.0
96.47
6.25
21.49
12.92
99.81
92.63
20.13
10.34
11.48
24.28
30.2
5.35
87.56
51.91
52.85
7.15
5.39
80.26
89.58
86.35
87.49
30.44
86.6
24.27
94.65
44.18
4.83
66.3
18.2
69.28
80.52
28.46
9.55
15.98
27.63
11.63
18.84
3.79
71.78
40.99
47.27
98.58
79.17
20.95
5.65
11.6
75.24
34.0
8.82
37.54
50.38
61.2
86.98
1.0
45.64
11.23
29.14
71.96
86.41
62.57
89.64
75.75
4.51
26.11
70.37
62.14
50.48
77.74
6.77
70.54
41.22
44.38
41.35
91.71
47.45
31.7
11.39
50.18
44.73
43.41
78.84
96.93
41.27
7.59
43.66
11.53
2.94
71.18
90.1
31.98
55.1
21.53
74.3
63.75
4.45
68.92
14.17
83.67
17.93
65.45
82.42
19.25
63.7
65.33
41.17
47.58
79.4
31.51
72.85
44.13
74.7
7.5
32.51
6.87
99.29
34.69
80.88
27.15
84.62
89.96
49.55
84.72
81.63
25.13
92.4
40.7
60.14
33.3
29.26
13.29
63.97
43.31
88.64
67.6
37.94
32.83
95.9
14.7
86.42
84.83
38.27
98.2
20.73
97.93
48.95
81.15
54.43
60.37
30.15
22.91
92.69
12.28
73.5
2.17
72.8
92.35
90.66
80.0
95.33
0.9
89.31
90.1
76.24
19.19
85.64
23.16
89.34
73.9
74.22
95.94
57.38
7.76
