37239885810
27871063734
41537351616
47246630783
73677689592
23966604528
72176587231
86055796309
37409196405
45758477080
96587676710
37190552583
8308644268
52726654390
6672088858
51170487766
18928597392
44220788705
58152610917
43030310260
2084033013
42734046701
5762731398
79445713423
54023825457
1265439747
60716089759
31716057041
94938236778
55343126015
60990471988
14519117653
94556522755
75822923199
7707272710
83094262517
48518336596
1542611622
67858079735
40333746711
19705383786
67915195852
81645991909
74151638484
50431476126
60752794036
20049930314
63578507780
82539449442
17019379658
62719138495
44663300804
62382642080
20024223163
22300907428
77050406279
73704803555
52067086173
24896172883
95815968151
58032777429
14695595874
81090614
40580114596
46196294728
75876403865
57147143827
25178136975
382271285
58164190842
68889961403
43098933966
81241775989
14547518790
15002232621
31663383152
2929507028
6119833495
84772924765
33768445147
24703491918
52879975698
7224476187
91005182359
48617903749
23604416068
9543007322
25486621315
83595175854
13798529206
43389539016
200079618
11548076420
92500410372
30681126258
39554009451
26709411796
91243055296
43678719361
75980842730
3691590017
53605969410
26242609795
74329142428
71374116353
45484338151
37126718190
84358257816
15257086966
45714884467
34756665585
21498058121
79333943416
43516169380
91795878057
30092648409
66021554329
57662933211
83164257499
33602105823
94688182771
44896520224
29497054424
32973440980
53682221013
63412666818
77682733054
46125706828
99539599442
11798500181
56838898149
54303256287
38070704470
5760418728
54403611690
95185794964
15278654349
77837074865
80816380931
75096774350
23229532324
73549329678
65198201285
55206395542
78269253312
15376086297
64667640974
4527519979
92117924829
73973024972
60305483842
52470091293
30663338926
24917292120
91729480520
71139510028
62024568844
33860458487
38513080272
19305159252
41653206360
34825448312
83098190576
22406543391
81968591209
59322272349
9848704322
8641155961
9339866823
81171665104
66937521527
13289394820
3914747647
61975451474
94783097262
16270268406
32059801927
64197058103
84714075569
39669394879
43381084976
94520702730
1677111041
4561024373
74161557134
58594821179
97483207337
32154552949
70647231776
54749713877
4781762964
54804223482
74635888660
56635578433
24382865222
5107267980
14135150919
94468572345
47713472876
76737386237
4331278105
94150193384
15255811436
5525095101
75609578
93824459419
72423358978
94839485981
29799660528
93650725690
84811241932
9900819565
9482762570
62249077688
84070996747
46746018733
96276912228
11386209919
78922235545
88707379909
65472906926
97010228861
25047135824
49451001760
83527084703
49441631154
34178351244
65736436179
25568103172
326723112
46029221186
1327472911
83740396357
11579422528
82679927156
29204981288
9081264168
65163236548
90007257652
78962620861
97061020190
74684043423
44081047896
30886506518
46564565769
315815321
55622700397
97293028073
66254247230
27257334521
12330487308
85458876735
65688454890
52967373325
80321860939
78618087894
30917678112
49343052844
90378439688
20562268514
61744654846
22367314674
55284209968
868488429
4888418244
74119499512
2872621761
33660593798
99381749537
17037464545
46418195495
6344736772
15589309906
75507509924
45472683726
8189547019
79104825084
13077882580
36313814622
67970582440
19176102005
54900373553
29341863475
86934012365
45996861959
97821257054
66833394446
62691262408
45007743118
3197423164
95352289112
68219399898
87984573664
46776171347
38061142519
13745577864
43239641929
57200420532
29987428739
91503707112
43626066337
67869438761
2429377067
17549873872
90562522569
18455892990
70052981692
30519730984
42274748587
41141545110
43313707419
55165256191
17045346400
73883189042
41294054727
48192087619
71724646914
63645303560
11658750275
2809474895
3442601089
57208364114
70843023279
68582024629
80296206559
90561574342
9116649000
3941945157
70691726090
78212491087
85325425794
56970867725
23347853467
59758466329
69641424243
64827351666
77791150689
83365490406
2666087559
45500627581
65362822519
25283620145
95319787991
88320011863
97970805049
57777218674
47675902437
28462612779
48682489886
59850086907
6817592689
67767677659
77067021449
11244686374
13212922345
71585572664
97941354909
480270375
38225987495
96180922320
53921654249
90058485401
61718368474
79415377797
71834329724
22071111925
34393507058
4742000306
17250462401
90673345723
85371483628
17371748217
66625513023
97726083150
29376369234
80894308793
32705224260
36538064876
85471401619
26311448502
58810170003
99218188308
11352165822
8226821318
1411498618
9496447157
40495308885
76519881222
28172230399
46564472787
77605525773
28754764697
58276774185
79870182031
61882568696
22089110260
83001194500
23011637034
75254781048
65251794974
74884268366
23253074034
55428842018
41410827232
91906905692
44180632966
9942971611
65715906726
80851758702
19834764059
71547788892
72153919494
97260699925
36929802916
32106757693
20895882638
37891898093
94798672948
94179902986
62108700948
20996698785
10115044138
29886229633
77606934822
71364141244
3472088340
39002891619
11718646702
23535835973
73447960792
76158308497
41550614949
26269013740
49357596932
14470383365
42198179941
1287675249
9590241672
48023596489
57557640197
23511628291
95107850859
47873699659
59452063318
83252837252
76095082729
94751785019
34223414895
99675314304
9379174214
83463680622
53750419506
1489074036
26795824247
30090813273
41792292622
52518207717
82938393187
9876695479
31835693470
80731423131
65671450242
28777946741
95545425464
71836894641
59939308375
30116769562
54829562025
47462282672
65248779822
48866126373
30683844466
37248550465
36310647686
75060821763
29793253619
26667631743
22850092044
39419387621
81135778753
74678829392
85042059506
7029497781
89485715541
45600584405
46741476116
13122533443
35795706066
26979696780
80489075156
71159167137
89552630207
85936602441
89802491224
5376749542
98253859746
25851289836
86496782591
37413584232
9315820538
69467618370
20455648704
88691186046
81023338265
90159342499
81214196654
96196416606
47567800368
21056862929
10856015658
7770282039
38343412110
51058881604
48981370121
26065229879
95505335545
96126544271
82635073941
52026807950
73949299240
50439833454
77968804384
50553614774
99720460794
51648145888
8685732133
73746582347
82906667851
6821775254
28679967523
51699300828
48059300101
95158122610
20457645231
90598756136
13507360883
40505075902
27060494802
93581194664
61599605372
9948393003
26193356809
31581533373
71208290864
59851400611
31195100969
38880280944
64373411633
28159586990
64343598528
39064324096
89592891992
43824472057
85803081150
4422796842
67342487244
55572725702
12064778704
37041711440
38863872104
90471153425
17864024876
55875728973
83215884972
20860586680
71930071882
14654925498
87845651400
88526583700
41513657580
52239202661
82418972298
79537421348
10507450099
59136044074
5480014893
88408481034
83598473076
16671240275
23980900289
15549370168
71076922281
8110371302
21196157657
50315984255
19215610839
34726784511
33661123459
17622231198
61054287947
38849136678
70321520165
90383316069
64830988779
9682311195
13710826486
81165653859
78299256530
14233434564
412697440
68836437063
17598496567
25720670340
15916265711
68434680598
13426892870
83576263265
43200752819
30738272944
64243116284
82798657037
55442160244
7597886240
62012326324
86752322093
94996938687
39282932506
72000179610
73648651771
27615197097
50391589817
21716492083
30284235617
47522481191
98617047848
94360074420
12679312999
69633618110
41349968428
43872114075
93192770205
44948496385
62943384664
470851151
23603357871
88092580118
63331984250
348321999
45255488132
49224075674
78414307608
86878207540
69925776499
79429284022
49760282988
456284192
58791263273
80581534261
57712042701
93631303364
82793498911
13748303989
35114084206
50207606116
59097650774
40263621668
66270792867
34805901028
64729542503
70689529581
28322451597
23836607523
54340034081
25879266465
19636818392
88373650520
64906640837
42935589626
10764489225
29490988353
86302430787
8573911465
97467994954
62348920042
53294192646
96412734296
67363043165
9900627975
15542835134
64149263344
42288870326
16264061517
28821263374
88616352473
61559145031
91439977613
23989649136
81161019396
90117857754
63240941734
43314181001
16778261484
91614266463
50391100282
78769614277
18195299182
29214944086
27221849637
69602008360
17050498079
43277111427
27872130824
95850587609
54905246844
18067944241
88782978357
62510083528
53293099826
17462718393
78397593953
85989393293
7404237444
97037238654
30272939726
13681471217
43464392067
15743806075
75008105023
73501754679
82630986718
46964088851
73461217201
10367665850
36750984049
38339023469
67961717906
14278313724
61147205288
4545118533
67367071593
29586964283
73309280658
12750836014
53737053630
66193590504
47420139675
68035627975
88012023126
58415044840
64844673547
53873536285
90238279246
20126420939
90852243424
57395542712
44768078866
95185787032
72074953369
52306855408
71580511394
47772908592
7218205676
10803254959
62475923460
69670849557
86145793153
68637637162
15239721690
21009312422
67278560369
70823107403
46567228688
38131766727
6463470193
2510272604
5873434297
82574548391
133425718
23548453140
6560586174
74289367215
1361380604
49580886161
25300085666
2737437649
19876360584
41154641140
95853516910
55170024205
31865192449
42975906911
14244828623
62009115530
31383710783
21304676451
74860650966
77059696661
834225604
33183364298
54105151448
75851529453
76354958289
56551736050
13644229365
93675632354
52724530926
35988117341
6633288435
75124756514
44612634981
13952393513
74107091005
87378138712
2559873284
23148681290
3957768839
94593592698
26324276459
1826000545
50787504274
47039288591
47988754101
75449118834
24187373900
46558155587
46802091076
92775955484
13756412955
67749713132
48433977649
89351814157
51805120627
95456796554
29738518973
42215224179
20039172779
79581542784
75476972073
26931608644
17027220156
53798732478
38124743878
10009997879
43720489469
91829310628
43472925443
56707634217
53449106166
34684439923
68349749950
29837434969
72801581928
45020400323
39525338095
52870666872
30280547740
27415401869
70384450601
84564850502
14070401465
18994341775
46057987515
28697894073
52968833997
85805431423
81238414966
4050567023
70127122748
38781169215
78703417263
94186459976
13160578010
60153548568
67573528145
40023882238
66651059563
60456329883
60908185526
35194499583
34822186815
24557341154
3283825014
74368882628
41194951172
79123368918
11646374197
13123931801
32329685734
43510671522
49139362637
47228374521
7339030141
60957227297
5085491433
18905171945
14622669918
31807279786
12414387642
80192749057
53169375149
65260930463
79319645020
31337917044
28846568106
39448112218
11580857063
50618037123
73610525649
68109275024
43607228255
52365646241
63660065001
11032840105
49305400189
82981897156
99206277439
38209569797
21146525255
31837933847
91408551273
57885921199
8396964144
47328939517
50229039091
36353180429
33881862520
74815965521
80583570317
53770652969
98628920135
94083065261
40026456686
54466184801
41020204152
29486884540
75951809724
489739122
74038680040
67189198588
10336405963
58825800103
54797338282
55949321936
15259322336
5364210292
64109560915
22107301851
75217585704
79554706354
41292088323
64442714750
31326791242
96474693439
80227015746
74991068015
41462002143
65251038446
38639928210
71352049158
71824100567
22659135803
64090017087
73271645440
9411304560
5378712822
65654929137
66131534174
92465438401
86421793941
80727828051
6209263072
62544663048
99726273778
10544879025
33793814202
23944287965
60913100727
41068405593
97320920816
37258773240
82155644231
97808977801
86741102099
40359535886
24152245549
47622532779
28041214790
90095632333
16720505807
366903387
70225831897
240709522
9954388040
61114032331
23884156395
22442047803
12017685591
18932312012
18170629399
66768373528
35218305021
57151317305
63975839945
11713624362
60151705628
38453579176
38377474359
61317075897
86004434959
36594409140
