83437881977
35176881788
93304380433
23368033341
67718858574
51773949136
57737998017
14617548053
88306998294
21522261674
18583686157
52708575902
37003832003
97001142324
18312942790
92565641918
40697755369
90623177653
90860327504
39177526338
63414523317
64464176607
01267393722
64409124020
06499435516
68332973837
63441440995
02617772110
56955723402
20457911910
00375652541
33666008451
40216169472
43931470425
45258459170
36931355771
30522239732
02263188377
88196127018
20472007508
47406849007
76387627977
62679307110
32859200797
63268803398
26467304633
86795072372
92875296389
98689329579
40738582915
01598169675
26080844345
16966506052
83244592303
73002902495
63724754739
75919441682
20286283183
17165478195
92679886883
65361852673
77000262291
85024381350
15857554352
19189227312
36030759268
18274477317
76221664984
58174446228
66395217512
06162371258
73488895203
68802832692
97249629277
33529351822
96306374125
11135175870
74942097552
64563255383
73691700620
55138411818
06575582262
12521090708
43504504862
70723079484
06170158110
18681138656
37069207588
17465204819
84799680560
76428845542
10095354362
57439704685
77766453133
45229698917
34975276527
87288147812
96526211046
78561890808
