428
393
476
783
626
242
129
447
721
4309
941
450
952
347
069
736
584
249
578
489
6637
497
579
338
877
565
848
854
360
903
886
038
949
332
593
525
311
382
685
287
574
245
916
3003
291
484
988
209
456
954
368
420
851
699
434
518
047
323
194
729
658
177
993
404
479
629
826
380
509
291
913
752
070
404
587
014
849
171
127
683
249
129
234
231
194
367
182
312
393
930
843
166
790
993
170
1352
181
605
696
798
811
761
644
419
464
328
139
196
605
892
4122
239
407
527
920
317
732
177
7037
213
5550
057
481
079
069
782
344
696
059
561
316
4843
564
203
572
9296
347
839
626
554
770
053
433
671
205
972
834
226
118
444
249
883
431
814
051
2236
117
625
930
628
204
622
677
430
317
697
936
381
355
627
281
705
512
841
631
981
019
520
693
408
181
325
589
627
361
758
236
898
008
333
309
219
4033
112
137
646
025
947
136
722
4529
012
456
368
332
139
008
345
471
207
631
092
327
401
148
702
262
130
943
516
8437
570
338
424
526
008
895
3371
507
059
5420
227
4161
154
749
104
485
866
4854
813
628
015
121
698
491
082
377
4631
5279
293
006
671
932
709
667
244
659
410
868
117
722
547
430
332
360
247
155
9890
133
473
785
731
262
544
970
477
330
103
777
945
165
229
953
5254
425
402
882
114
981
965
267
6313
182
394
284
2932
315
225
459
756
4153
079
642
647
201
875
306
591
529
898
035
328
4157
360
193
738
129
331
602
640
814
4000
923
057
818
313
198
486
736
818
248
610
911
263
419
621
184
927
107
545
485
502
582
769
710
258
078
772
452
387
348
900
432
8677
625
239
623
147
5992
505
077
447
106
735
700
319
619
291
650
240
717
7577
800
085
041
277
375
560
772
061
4273
419
197
486
803
944
138
239
844
881
309
556
091
829
892
556
435
731
387
186
720
421
3552
6570
900
216
679
368
979
734
542
205
2976
524
498
873
908
912
243
381
566
850
295
222
037
991
643
969
833
341
681
755
313
083
988
3591
833
522
791
071
167
9535
644
853
930
218
8953
4872
795
582
384
908
455
190
682
121
180
867
754
799
547
893
706
905
034
810
441
4575
518
010
978
554
361
349
518
8456
536
5390
073
729
390
912
597
316
745
709
4821
078
858
770
450
357
535
574
386
403
0890
673
287
105
4422
727
113
646
801
306
135
616
1074
783
315
449
916
312
217
696
764
336
996
451
645
111
373
549
597
822
1034
641
275
095
691
2444
422
741
823
474
845
460
213
748
224
726
338
112
451
214
801
544
530
2955
058
105
374
3375
3596
741
328
792
7852
1773
463
314
194
599
188
394
749
303
176
504
623
8718
425
946
641
187
495
056
972
050
490
3854
035
398
512
962
851
1478
333
101
245
863
121
761
047
146
279
774
5077
187
826
835
283
185
765
340
849
225
586
7971
210
199
746
098
545
842
8792
962
566
923
8089
007
578
448
995
366
996
714
579
883
508
441
477
932
8792
504
116
949
149
949
279
320
482
027
996
357
313
840
198
854
008
910
136
749
959
426
398
165
520
810
860
346
294
663
579
615
366
674
081
147
226
229
273
006
489
234
938
174
343
452
386
724
095
122
858
997
572
580
413
789
745
6210
679
105
055
007
929
561
281
327
230
671
922
790
486
609
260
670
269
919
5756
043
406
597
040
242
794
596
607
917
899
831
073
102
662
687
127
526
949
8083
013
457
061
3188
496
393
214
509
799
820
319
3072
986
253
976
320
371
2064
827
356
978
406
757
899
522
7145
829
698
160
195
1769
110
886
717
456
8009
934
945
9516
823
291
4590
602
6879
715
504
713
9171
627
784
176
320
275
253
420
778
781
007
490
155
586
505
319
616
880
822
015
353
554
5943
711
942
472
773
996
648
425
388
681
420
000
327
292
520
808
742
116
096
559
201
740
1579
293
213
780
308
337
135
349
5031
007
0948
117
799
403
447
226
017
350
628
463
837
381
5156
846
700
813
774
450
870
535
450
497
363
184
200
458
562
268
030
141
565
447
669
283
280
062
515
282
850
611
652
237
370
025
864
452
449
224
3400
631
483
908
321
413
949
224
575
1892
5366
821
135
232
123
872
560
978
262
0930
440
924
074
697
912
380
213
369
5657
578
113
343
270
667
853
548
084
635
285
583
019
569
072
316
8949
778
2815
796
185
046
541
065
904
263
3651
417
027
4941
830
246
223
6656
5253
906
131
185
331
127
513
201
256
252
0501
2595
964
665
868
198
290
787
114
296
101
956
387
765
352
325
8591
876
451
837
862
327
776
5164
437
387
174
215
551
986
631
9885
454
877
957
482
579
913
381
687
9122
329
586
811
681
049
612
840
041
104
665
0357
888
054
372
929
714
775
903
729
936
173
849
535
841
712
298
023
314
127
5022
827
596
326
923
243
421
960
471
619
411
513
973
411
878
263
356
166
428
893
188
646
6745
795
450
904
567
231
982
885
598
173
491
090
3324
590
076
499
601
240
843
522
924
503
659
171
224
618
7571
974
737
283
762
112
023
768
236
394
015
229
594
272
623
961
402
844
3562
572
628
793
566
8679
658
558
875
178
737
987
703
464
954
9949
016
787
858
186
849
850
899
524
165
922
784
3890
9603
969
287
857
199
8120
124
766
456
831
692
299
174
231
3182
529
807
383
314
297
537
096
6084
749
168
1190
361
582
363
296
356
231
735
354
8723
281
656
088
292
609
985
226
284
507
068
274
827
922
617
583
732
172
779
0202
304
275
420
095
915
996
747
386
743
359
876
678
034
9108
693
476
696
029
760
628
9777
699
829
300
658
355
505
441
753
433
840
446
008
289
544
034
408
8674
275
481
661
705
428
121
082
239
215
168
574
6693
620
253
733
379
663
661
451
616
090
7129
972
176
975
913
787
040
902
240
790
784
389
257
608
859
605
621
367
353
469
391
972
034
751
227
287
800
682
818
597
841
578
590
909
394
093
198
646
596
686
396
547
256
918
856
6161
584
294
712
899
451
436
645
390
6145
406
248
232
786
359
571
588
857
0455
747
8132
173
156
163
606
120
200
248
171
811
869
776
016
5423
1195
364
242
573
462
442
804
683
296
633
530
850
6924
673
2767
617
933
586
521
343
8360
410
224
136
4120
117
420
8842
989
6156
657
564
866
790
5047
184
786
671
290
593
485
168
201
577
249
717
011
072
662
8286
907
563
264
1627
8618
988
529
233
023
017
002
606
251
584
588
242
346
085
320
538
773
8014
157
855
265
264
812
071
865
989
933
483
865
230
239
629
452
630
733
591
5995
077
242
188
059
225
077
4649
369
911
668
860
318
749
061
593
567
539
974
073
885
507
647
172
268
363
671
661
946
417
940
2139
645
9008
729
993
931
163
8640
942
1996
3794
135
857
035
5727
780
528
306
275
975
449
667
147
218
882
141
041
755
057
774
381
906
327
3161
2054
930
9077
104
720
0884
269
1799
223
513
622
380
674
657
675
007
238
6773
240
131
163
517
579
905
284
254
133
645
0930
370
6532
219
705
617
531
036
505
280
452
501
975
345
992
563
563
531
010
2964
637
408
133
511
551
528
541
681
226
957
671
179
626
351
0670
052
226
163
183
427
444
104
163
451
7237
773
469
8951
512
771
244
136
317
355
080
560
1842
051
554
969
838
865
003
578
820
846
418
367
781
674
534
338
099
601
129
838
308
069
222
612
140
465
061
087
570
798
8545
9117
1836
635
892
765
321
668
549
449
721
298
638
039
272
102
906
7536
935
173
7689
075
0904
3645
951
503
988
882
624
128
728
023
917
411
6601
574
904
078
602
484
142
638
244
437
6443
693
097
732
109
948
683
762
080
702
768
076
868
511
231
473
6851
010
575
321
307
849
708
536
313
907
3852
038
212
339
667
218
729
730
321
6435
061
6653
680
985
341
937
836
609
129
981
120
374
870
876
635
668
928
456
042
034
719
597
281
817
860
071
613
824
7984
959
223
5003
088
001
865
559
398
638
514
308
718
532
976
749
900
794
128
839
7613
408
198
184
6080
966
443
983
878
881
319
338
319
109
857
439
438
614
039
614
029
384
971
401
089
767
966
767
854
354
498
103
240
416
686
524
560
459
241
445
654
707
703
002
559
293
342
023
308
239
771
266
210
819
598
630
943
9192
228
931
940
102
196
975
581
620
088
383
317
006
755
8521
355
572
453
299
9480
433
950
264
130
168
537
247
724
116
521
273
577
957
591
102
472
102
630
778
518
537
917
798
324
366
786
381
955
070
1667
851
856
422
798
499
397
357
364
871
108
444
218
0584
683
167
992
944
307
272
335
848
571
778
572
728
148
609
890
003
209
129
741
335
429
308
676
647
740
400
467
878
304
463
260
421
716
450
804
095
786
784
275
588
580
273
727
949
776
380
3840
810
724
257
933
9001
401
6194
163
290
975
627
341
249
424
885
616
925
2332
956
597
6061
057
8048
666
645
533
702
977
802
819
044
627
4754
900
047
332
676
811
437
923
668
616
628
3358
831
853
050
077
833
613
904
921
301
561
300
155
784
390
830
938
372
738
638
755
028
252
050
286
717
620
225
982
860
5322
695
990
347
472
211
009
871
555
011
557
472
893
450
186
250
428
849
330
828
811
261
301
796
468
805
555
630
193
333
550
882
792
907
035
256
789
761
010
342
822
2248
178
236
487
468
502
395
633
433
160
696
989
492
969
921
765
363
245
145
769
424
421
688
023
543
669
809
755
7344
760
905
372
770
788
620
633
599
754
856
294
566
871
678
184
477
957
4660
828
399
001
1700
885
553
0036
079
990
1576
120
794
082
192
766
361
401
196
821
809
363
841
282
832
515
341
960
450
253
983
480
598
343
159
109
455
6304
419
275
543
215
9820
562
819
948
672
281
856
894
718
778
823
153
563
278
163
516
219
307
981
093
195
6117
360
861
973
1853
827
490
017
198
447
046
475
622
017
448
959
473
960
927
2240
396
635
350
376
039
487
458
474
453
377
125
453
023
124
925
022
929
252
099
798
317
028
525
734
803
688
987
3356
073
428
620
540
585
982
005
484
527
770
6497
823
192
8613
820
187
000
1180
075
672
464
423
204
775
111
955
785
492
746
837
378
904
663
239
494
191
876
482
455
041
915
816
967
193
587
249
457
301
174
493
379
488
326
077
6549
564
8345
482
038
732
0024
9946
646
079
168
608
972
481
6578
7572
083
263
034
264
578
383
098
674
211
661
045
602
199
558
158
194
375
328
020
401
532
5590
404
098
530
944
037
117
220
623
067
9933
238
721
333
998
002
111
530
300
275
529
779
586
006
1228
073
668
573
274
011
289
901
962
776
780
335
310
238
946
037
382
005
4696
731
709
934
499
7476
728
513
840
605
816
888
228
574
390
822
398
188
095
299
815
463
540
183
902
947
419
385
880
007
648
995
367
395
999
699
671
905
696
508
131
744
329
709
174
788
358
466
843
677
025
472
210
668
213
555
235
314
797
118
0393
069
840
421
480
151
459
950
565
032
818
403
336
126
866
854
009
0672
694
993
064
4638
959
121
372
122
967
104
901
740
391
715
981
6302
123
656
347
014
948
611
945
053
334
061
691
485
894
9205
224
498
206
742
709
807
137
1936
737
276
0522
076
601
173
282
235
440
898
707
125
769
530
273
158
612
511
0108
491
187
010
090
6411
604
777
1512
392
263
773
903
6592
525
479
7630
728
888
160
0183
827
981
407
602
959
314
368
878
593
788
508
090
201
500
259
382
637
606
219
133
716
632
670
923
645
902
980
482
469
955
964
707
818
640
073
862
922
187
616
376
336
966
899
519
526
483
502
499
138
901
307
792
757
103
908
626
641
159
323
097
873
929
644
246
036
402
613
726
321
506
