4755513683399085131
4048618979742348687
5233014410785868
3551072505666657
375259727624784
5534030355053126
5464462449750058
213179332850374
30357795247848
3504940504922891
30538698685099
4990311119709084800
348203066035123
6587683524759199
3518478407803490
6011830131368718
4592609294408392
3539648811844174
4404979848363
4833518208969309
4139668027381870
180095504140957
213102210558265
4456481374609355
3560441434776730
213157662718536
30225046140916
3534985029402493
4242253041583613
38441969419417
4717617648084512
5257158639771885
4428122664401708
4552194338871700924
4347116734518408
5325896035705167
213115672030912
4047296945313956
4708800432054633
180012732717274
213163392771886
3583309935202758
341829096953799
4080239216817116604
4213827588695
6566508428785559
3514220370222306
3569255217311304
4397607348634
6561620914182996
3500498927437678
374572940697887
4909169020011562
348974751886018
4859566969205
378348962016652
213139998404668
4348444043166795
5406521397087713
3538910123258035
3536741231206315
3532016487616192
3524834836325533
373852221626537
38449436284561
4931312167768501
503831777134
4912529774296872
340859797474994
4642877301290174793
4224127657031
344008112064637
6011961010015821
36709898874494
4545214483641735
30539866482822
3569310150048791
4129365304289
6576050873209130
4348359288432423
30247430255761
4197968562188006
3511741467587320
4197303740849
4560283327052730
4426858816743776
180009812380189
4047728336905404
4071277585338007
4408166810747029414
4672602593568811
3548011796805208
3554808428954440
3520774280542601
4746945961923742
3590117534980307
5183852903877266
2228124989729363
4603690629396
4008237393546231
4480979442132264657
6011191190850363
4914312500609157
3556590079659068
5152459098106068
2228989038003469
4733711390890
4074630794528825
3546875642145098
30446509722970
4426460731327591802
5380783244135109
6534429215019137
4194201765236092013
6011272508902003
4107293732246181
503896947259
639032447620
30257994733996
4333371231272555
371278564763848
4056222404137
4819235221753028
4755445321499739
4348016290043610
4338365672552744018
4118353752317632193
3557300880926519
4477555245334973
4362884231710865
4471270851158627
3590871759366986
4570165839311688
4374247814192
4664029713108551
6011323787314764
342411539067773
180071537148820
3597086133438012
4721218309778
4491246847039
36101243930371
371778445300736
370218832293997
36728627500840
4086854301782115
3548153484096003
378629091709139
4693854537634
576538741975
3512448093445175
4339531699237
4207508003860956927
4699793960290
4507153856699118
4219513451598030549
4407961366358004
3524110771536222
30219446980187
375267503148563
30529434303469
3526808592479476
3514667903306313
676202554504
6011122058306057
3549203197403571
4177619202908
4829302883741713
4496402583237
3509550105397230
4000128089247325
6011036158041739
4369903117332009
4033624737958314
4934031279800708868
3587244358895406
3554022001210747
5416502246767927
4613879112869936
060449167596
6011721746120307
3561510547402878
4963714488267587
180094602925120
180098362859239
3569998114943428
3526461981157061
060490457557
4544165711509493
6011569386854713
4454854230783378
30033178371550
180044116843913
501800772870
676280676443
3591093162473379
180071688742363
4704753892300810
4840083669163367466
4429257469076385
3520783071140517
630446115283
5466911305112165
4205536768926659
3587663879446730
213123680803304
213174362707990
213127565195850
4215337834576
4090381782885978691
4925107252086
4902408040718
675976928266
344990236169600
180066872034932
6556039316334112
379531523213582
180014119775701
5410115786380096
2229958155059496
3557935138253743
349381942223532
5221828671816862
30453596806831
6501039263813973
6531022769575233
4911785655541601
30525083140699
2227768739775901
2228317214582983
30328066034751
3543354672182184
36079225650110
3543898358267289
3577749391014262
4893678569192136
4184320446279509
5589083577784139
4514219151086151
3528544806581371
371209866087602
180017710331279
3565593566481631
4770867777389232
639052862070
349910639562545
213172870109808
4331817297319260
4280155483071739
3503096110664822
4874443411368114896
3514313544528961
4443275475941030
503845995193
213115448190909
4625717624622094
3569609937246929
3521337549098549
5270777876678090
5159881355295735
4608893766226
213130410553067
3551800087272308
3597206287436360
4488131818667166227
6011309430765569
4423712382417880
3518255852793131
4478709781805
6011094612167194
4054193188798060
38228395170361
213113594395752
30580988944711
4249477077236236353
6011055808798993
213156292114470
4741942881378631252
5333773389299685
4152624704690888050
30322721676825
4093554340019
3534923336524774
180005762780428
4929524722740216736
4859266579017972
4304063301667807
3542944805434170
4199581412271531261
378122724834896
38697298338392
4591004118297709594
4768332206234441400
3522423779071262
5106774631810902
4684703056357274
30425282962268
676183704847
36981334196952
675950596865
4937653801029079944
4713457229173486868
30081451866812
2224568296874706
5239889225650041
4665193051378926
4539810260192656687
4647740131781181
180096997115969
574588509475
563659516840
4640507087904597
5136574952811628
4111822804380835480
5552345380417444
6011063619025648
3598782289431624
345650112919127
4501423500001
346968633426664
4739900976425349363
578778273933
4482907067796388
344928264770873
344157614194184
4815006206679288
38961499971504
4826426030496953800
4798650927420984
372303839055843
4079891913416533
4336337820808098
4880593215931474009
6561144518827385
3511851390277848
676158104577
4661028055644556
3540041426946211
4203415865324
38699524207870
4203689887735865
30423055244634
4094014722804
4977368216260069
180095565745645
4624925568662692
4789922642537
4328013512399752773
4349351769111893766
5219689902389770
3532872386637378
4787804258702505017
6011798367326447
3537725218626420
5257851351059808
30208712312506
6546897592215039
213142759534095
180061059003719
4084479311704289
180043172506158
3530430807859089
38188628565490
375758288597388
30482206929097
180094103927757
30079837886843
5338879915738644
3529211308042596
346725735719218
3571014828108534
5553025885144912
4205606470034884
3522688876934675
30419315530754
213166044417774
3503729909836728
676218569439
575249684128
6521093949453353
4311436392861
4423462090713
213119971299756
560277965227
4676145930365306122
4387458601886794
4118769634739974
630401410265
4797712924333459136
2225238383408581
4064401544384
180074510529826
374287923531512
676382694989
3584044476593476
4762334653045632522
180021894475738
348916374009411
4406479967815736548
3533302302632492
30587678896291
6011617515480312
4081633995825664131
3523930091710863
4634589580390
4173558824607876885
4191814606234215336
4581734355147
4794632505400944128
343161183582341
4929755749859053
4970064213510880
213104146634004
6577760754357506
676314758969
3532583229374513
30391282091815
5503913485337856
4329618037492
5116543985075802
4481418794673503
3582150695521263
377387208730339
3539026546828871
180035076655768
4448019283112045
4797106715870576
4937797269443462
4099255287127823824
4058099346714
569955323872
4429802363642038
4877100930902093
502005425850
6011953696380371
4419507726904916
30379701682140
4864301217601391
30407121842521
3591269855032959
3588445274201467
4819557078245935
30289568449667
6011837612516947
4973284518114600614
30007879953981
3528588313527872
4130665191702591
060400143339
639023551158
4600548501565893
3531005027147835
060472298953
675901893569
4753553461709320
3507752500171168
213155424814700
5507875002931246
5110871438049637
4194211440241363
180027292082794
6515623312808953
4826714128582731
501800910652
639002958366
4906977635996648685
675924286890
3589533517590736
4212242760604755
4087892853596375
2226985038606915
3587781376949251
676128940316
180089791936672
344399110559300
4837990797665
340495660501611
213194306755632
3532534498951952
3573703976727602
4496102792720474001
576330934331
4625652808613538
3550003416641225
4788698032190036
38161230235828
4759586110357665
378115502418254
348446680564099
372882201627263
3520718280964208
341826265684882
3579127927639084
213118325282591
373963241673647
4607433500671691990
4772114624281165
4177588214392978010
502013997817
3541262969936679
377906308470494
4356532613815143804
5193901262430783
4797669316821470
676172441443
586090337682
4812527346898
5558870422561218
30386725358979
344965719302993
4240712777836299
349842105735810
4344528495245401768
180007765350514
343529169189879
4856765563207781
5573820608122401
372702592140884
4234626996495497
213127689722381
4980035246015
4242896871947417858
30591169176288
4601305196485708
4996343687297517
370139224345346
30507626205833
2228944380319534
3556318400747737
4435923437143
5185655152479439
3508968937955796
4304230357694189
3538809148392573
3577889578258629
4823864805461
3552236160817348
3567553753744520
180065883297025
30234656733259
5335854603517306
4837860326026729
6516323858146764
4722997726901
344893827689012
5226967364787348
372689497266338
6518498703706703
4597853462399695
4806266294111
6589734760056333
3501823590545375
4272670544486676
4486919687506
5220392907633444
4121919953785000
376016065655021
373050781236637
3580369835779001
630420549267
3571633169663409
4116222582099251851
4950111744875284
4342794391066641
676379205567
3577586573228603
3552008020040662
2229952902911372
4953789209612
5595199331831289
2226790699447801
4243058202146
4948293973708930946
4532800291116517
3579057038738303
4322835998326484
3547689165915145
30271690913257
30552243504234
5376323965439277
4858375646034810
3595671126475311
6011945576592521
3525168620729934
3514543716363371
4099780664150159
3568717799073843
30225874713222
6505522914817747
502028794449
374260483648489
639038396771
3554737169063295
4017068153988713182
4734965188241318
4000424577975828436
30256035548694
3504182976442419
4508733029313718521
6501562692062466
4618896431850
213138302365714
676223869576
4346576284165333
6596090696866746
6568731243485654
3585931576460557
6547378784289156
3567487808553018
060444791473
4321717343412918553
3500000707219811
4342410494161066197
38600866682886
5163118765577558
4922518572346672
4537070889455850
4216193764956
3586140480559566
4058102140943473574
4061407856304048
375362947843356
676348929107
38906017634233
5485255544966149
060454834015
376018654263514
4680352771090002
4464861231056751
3522221227334955
4140028173390158783
213149505437101
213177028457710
30289334048066
342091028010649
348592795937850
5577360070315767
4423545696775
30429850072195
3518757441983453
4782236752944
5267865254937421
4202936250373530
4613993997443753639
378486219280679
375759421743921
4743812599869
4562093175917666144
180093723743149
30401183774169
4516820732479415
3555587539678051
3514740035612682
5527838253642314
3552666168016875
566445226046
6515636387295989
213134864844865
213126108918950
502039422758
4358780762524147674
345574423258704
4971440049370872
4115200649699
5117669140776262
180015946618055
4533595782090234
5146174550385899
4856093281302
213146700998895
6515315059243219
213128801967953
676205811018
4180795692765425698
4476706924431298
3506506305504697
6575509108997844
4928581243605235
4489815388625
4633596459071936
060406174643
5140401334459773
4884716449325293
180007591147944
6011291380843200
4160889240045322639
4277642587448
379234507192795
060486563921
3510912529534599
213151003600156
4565670699377734
373063425788236
6547609122805703
370751318986676
4324556117044588
3598424575798958
3500831259161922
6552390736953583
6011796039985079
5465770921024654
374052106375057
501824800210
502073499860
30036876717701
3584579803827089
6011440398619207
213179129611369
6507392235362569
564468565283
4358383988412087331
6535895208143440
36349234298866
4683676175299083
4818133125358715445
3506744670469150
676352811274
347288348727374
4342465250299702
30598106789404
4147736814864888383
4248229679478
4405618946153
4676951968225887
375010572206916
6564303091788417
4368264333318
630475338194
4873837198148
3530360311406285
30177888728920
565112546256
4619808357812444553
4886496735906730403
4915799909241229
4479085562466530333
3566997227980528
373425703901981
4238620032591
30210092586683
5470491308842682
3559251542525371
4409078304570281
180069147985284
5284939150383854
346032658264698
4332871534340564670
30411222801345
373815336041330
3545913434417549
3542820949052096
3544918878610070
4708478962602
30014011695736
213109906798279
30259989672866
3536425688760889
3542193176103614
180068958383266
375599030472177
4866282129174844155
4531455748286560
4882237009920
4771272100262702
5115921610700963
372131019978967
3505108671138316
573203042979
180065919834064
3548284368910710
4309585088026265
30596353038392
575603931172
371034093849354
3507299716536149
3560194208855947
4421561830020552
213131375019078
4736211428495753439
3509592736595907
30181531858894
30440173266018
3550849685587246
4593031880019617
676177494314
676136635478
3510463220547217
6566428978058911
571541045357
4144527003539
374045793666671
4372941843391456
060440350233
5575365338226898
4668901346153244
4790236292344192779
5541079542934590
180013768646916
4060787619599039
370470941701598
30152739948571
180044745687889
6011814658335698
3595190717002855
4428971074665785
4108158879575347
30279297145298
3528404224170028
4943512789444
372061598266627
4597640073172862
342821865533190
6011310189854661
5283175897489438
5549866553877714
30559935328194
4478045096165
675984833839
30357491383871
3546114334945171
4679204500307
4867422950037622
4742006392636579
4035794572868395
213166288692397
5549850583451948
4640205725885807945
6011839635717106
3529299475936898
4397222380574
4396464502280326
5116642005089254
372423354472817
3504043220006600
3513212075791819
3537205661146481
5149611771056780
676151162523
30194216849328
6011047576849058
3587792392468333
3522755761907833
5488262493047415
3522273165071859
4811502485525121
5396847903220460
4230547533649962
4504961723178071
3566357242675530
349690226195202
3589092517433652
373776424804312
5192377833729253
4577219433308294
4790567816519
4710503800968469523
180031912505564
5566865140700270
180046895250400
3516062450356721
3573393432601763
4015828425168134
639027653091
4389574909385458428
4561541016154557
501828454824
3567307860267705
377224069530823
213183186015068
180087682140990
4380099778151336
6572858033772902
4890319757934793770
5516830983955929
3510103481598463
342165698076450
30317983084544
3566317762414504
4970724928585
180084949565408
6574726224036502
180008025762415
4667699928588
4383635054166154
3533636023064760
30404825620535
6011851867311748
30510522409293
4249062384307289761
180030252626394
630458379967
3558883299277060
4241909660172732603
4545195291224
4419836964359180
5163102420237105
376122188849564
4714247761696117
4775708880242363565
379830551378444
3524516658524174
6011877561798849
213195109125907
3544934477789009
5379025819655001
060496804679
4327270711296092
5561465666363812
6011537645654463
213135747465208
213188359292543
6011233414256066
213193481832380
3514052197697661
376993139135117
4743232794926
5371813548695630
5267736243637952
38971423390861
502030577261
3545317313791034
3512879129728863
4369164155720639995
6011572444750758
4677931444504197786
502010410657
4198258241110055537
4402505727579307689
502087617374
3586977468555110
5242651942344919
4181319730325
213153549516359
4488080010396880
4488697566981169
4601996871536888
502084470470
3585468758062737
5594029510885320
3506015586158710
4343656186188915
4724700059288565
4564395318984
30196972345946
4643097013467161931
4763603835354333
2224745571698618
4450428517464362375
180096045494895
38652016736682
676394228982
376893963849066
5484640357749289
5583330407303564
4826625212014631
563531469077
3554962003059248
6522976144944441
6011867816390906
575102309946
5596734486195673
4541723099687423
213177257839372
4622578291334572165
3510830191446589
4611302885882756
4165487588970840
341853277904405
5290897833163444
3564925402131445
5386714348712497
4888912387087187
4059726608358092026
377430208535280
6011094642340589
6011524478319869
213187541633564
5234280245766659
213142820486473
4707055367854470
4473348043725
5206931357123162
4341373440373
4125648632231971
3550994093359208
4680556964349
561401330072
4707474933349222
213171578871552
639021763789
372067778429653
501819847069
575455736703
6011739757358897
348924276575497
3540311912015395
6011992242337204
30288985942213
180011083646298
4068341888744710
4291033790355587252
4848372064923734
4018206037010
6011093059825801
213138196853569
676267648894
213197503321413
676322491868
5323707127093549
3542475266032476
4342238530882278
676201827877
4760118159750
2227302950451115
3522797896726134
3561709054786901
639073207701
3597540473984597
4736503611608619
5546911533721740
060460559424
3577540410189106
4545026342075008
4487695516028736
3573613440156330
6543791918058970
6570368112630205
4425424697238
560047900710
180055732829466
5546227415476778
373530536085884
4611367897582157
4230819904183872814
3564128918010704
676310950495
5275694400968258
5563406886380358
4593126945783510
341079672864768
5281421363679546
30353191333084
30093022545593
370732029500634
4730284533942431326
344692330800789
180071838660705
180007481498761
4425468455439768
639058648879
5450789452738950
639089387737
4140002200228
30581176425182
3539383837429848
4080817298968373
180067484983995
6555853226549341
180073989212591
5420751273167154
213145422013926
2225009034238721
6011375474333903
372538168274545
3516435994776705
180028657580570
4877046865363
3541497422865145
30086512735161
180030122184129
4989024119244231
4330999718361211
3576406817876870
4968619798214671
6575869805219631
345402019870502
4237936535996609
4418155451766786
213142880608446
373565259572767
30464370352678
4517360224975759449
639097545359
30311733024207
4650064367475
3574622924657548
2222818725894201
3541846002777361
30232009875850
3552799011255992
6548801876416055
4934719060681309
6513330343034102
346585589257271
374657251907015
30459292828227
213175838817867
4003586252955221
4370586967564602
4569998267660520
6590102954853187
565147202529
4924258781873459
3559559364250955
6011054404152192
5335982952826166
4183230971303601
3529735111058647
4520828553322683
180012701771229
213159545821263
584389621320
4313040629666432563
675914875843
6538155651028029
4783187260785159
4970579978186014
6011427292925459
3505774934070990
4633995310582
630485278885
213173324103488
4802372038153
6011484079634119
213100547420472
213147060076587
2223836247476066
36199609164809
639003745275
3597049187426853
30146220551381
5280211694330088
5159105178550724
3500764858579253
6011984242431525
5259527045991956
347441385032295
5279025384751384
38240295423352
3544490237106711
6011615017420646
5179083297522369
4140632549580
6011630763299466
4509878011467804730
566452762826
4196596366103102
5116018865583514
3551847573576908
5175553330952751
6551103301658805
4229493857403413204
213158273527365
4065737265222
6529513490091502
5139580824852788
6569438318165539
213160879828965
36659046676897
4356526239944
344332056024351
213148527161103
6575783723643485
4173043753887929
4544107072568445
6599996888564872
3556822356518877
3567501401009119
30398291893008
3509132328462537
30144081742991
4708219400210780
180040473754784
4740464141183363
30206665818552
3523246219442366
4832332965922027
4252296014043609
4380649155825980569
3558756817044073
5465273575096508
4137584284283824860
5359696779268581
213188005717190
4881725856840781114
5345894059251412
5192728331048788
3551051054050190
4163361367240521
30376104037237
3501219436019230
6011311423607253
180051433888026
4380700425257570
4078791485679248
4588595111253
5391742619356242
4142219665938
4436890783758
4919675893650583189
6532342785676370
5150122915847775
6011541475562143
4269495848597
38581973708295
4146948752898079
4904942213363542886
3501287211415048
3518331526013014
4124814323316304
4932495472847437814
676242587779
501888518625
630459404939
4200365794385861
4605418652654018
4765659773558175253
6011376583332364
4336414359202
4357623649156577
3538752935313859
3586405506175576
3526731115053026
3520969835139511
340469515876007
502077590953
343514032175826
3596314989757397
576926498212
4169758529068
4609313817714
4058252697099919
639028434277
4490641975987449227
4117042195784800
3553017387320194
4329099629768902
4680549399397
5308447318610251
5114458960206227
379787273232798
5464978972974617
5313709918718419
639071975895
4819853079001
4956293940616797
371456102708141
6504952250439965
4217604294737629118
5417525320316948
5406795228475806
4537174558425085
6011880355554667
180005475840238
4761417796145099
3516226736877624
060492708056
4806508579729309969
180022511153195
378539120865853
4797978199224441
562765708960
213156040310503
4445386423726238646
676154945957
4004995581582
180083668346172
30226280292025
374565558065298
4196184353470295
3533985102025048
373139995677171
347477215115686
3564160186480848
30473271028550
4959951178990740
3568019468273311
213167267569549
4958430402658564
3575000917372251
3565756764275754
213137295116134
4745481559448109
375148679429013
3523125584401092
3593031372222119
3507350920602415
3562787448105987
3569565778906148
3526101402735950
3583183562001126
4754760974012
2221121080654620
4280403650348
5252397856737972
4818417181040403
4670988072974162
4748527151199363800
180083252787708
30403621286442
4422187777809861
3564858338595559
6011154854866968
5178556357126263
213177391615399
30278359790801
3566205659279645
4912002659625260586
213125317062600
3564891892843388
4128130198745
30116158282911
213132562063739
4661055862416
30203595478623
4054790594041
4015509758841204
3591401149980814
38538317897903
501849339913
4199161282952786239
30242829227489
6011716276024291
348186828778652
675955016547
3566951441219403
30405632201419
3580441191861200
4875130465683813538
675904009833
501899599572
4376596756441353981
4372416388767469
4541910245272
676264137727
6011488163135552
4042152268405918
374688030365472
6565246548551822
30018789324742
4598194826300767
5561430636864273
38587749817815
5382582401914001
213191748719820
3584834544954704
4584600928203
502063833664
347237492334651
6011390856780878
4088510304273731489
2221974756350810
3570776220526601
180062295276226
4105485289014
4219471238537
180063724879549
180066255227285
4056614147922
4269500649528335
348483139440043
6529735547097337
565541419851
3548087323110809
4417175730533949
4569113617549668
36665240666550
372988687492484
3584247592578392
5413278147069944
6564902172526859
4231366531712246
676108108066
5444528742151130
180059372229847
213191881376230
180085628797386
675934140954
213111234654471
30216050306188
180071215320691
4595831578112048
36815922148811
3592660597004927
30541344846438
341354849634000
676278744690
3563489191035060
503864822112
6549533491873043
3568612628466104
38349513165248
372113137499415
30138919430845
375263350337276
4998103317789194631
36448145261144
372177877498762
503875839618
213136646665617
6011533893766539
213179880222760
503830070853
4045766276009581
3534367216758500
30469479459092
5173020913699029
6597333837756304
3532732229637987
4709797900315
6011303345592911
676370783281
3532499928540074
3572225386382514
4003498461243
180075831893411
4157312423322715138
5575810416594527
3580780183164838
6512059772799700
345815024487287
6011885878321676
4222666136573
4910499670649230
630492713825
4155384475320860
4162884887021593
30004740522236
4978951984080
4377008772764
4685982063090746714
4118125344552
3574099773009214
4587607640564394
6520981350412960
344323764409349
3530050258045192
502040253119
180072105938071
6011017980384497
568321730190
4025791073376488436
6011419135844617
4273262016180950
6011060887591319
3570817726571301
585035076058
213195012133873
6546279504371434
4804861714354937323
4222028703250638494
3572762518188013
6573871088835481
4319895176212
4692315416213434
180034856661641
4648176659417
180031456261335
4720333564589162
3545023554665198
6500315779822216
4795313658123116210
30594961706427
3519011014761840
6568902631777271
4558266594392057
180074661687019
4505511912861
4709199920945
5562828040286166
375221696246775
213157180085020
060431551088
348663558150419
4606591401519747
3578795331766403
30291048711625
6011487047641868
38672321351704
3569399340698938
581341067113
4356480140162666
344047255377117
4559982509751513
30134766303466
30437996196422
348546653487564
502086254575
372859572775806
4913631180314351146
213187574398390
5296615892122422
4570833724980
3542318312218832
371955788667026
6521756893315402
30326650268082
4979186762796486
6011186573113637
4899958022852638573
6011655981998391
6588553615525156
3560535617821153
676260710808
30466774389859
5571944400120876
5184044399703615
3538079113545197
4180603325354
30398733193066
562606826443
213144781007801
3599116878859490
5598030042703581
4194216405985938
213174749502759
3580785186532691
374180157726694
38596157833230
587090977667
6522575465239793
6011763452719963
4677756549748
213190755827641
4749052254063968
4950794049682755599
3586857307610385
5279861913481568
4972777248046947
4979911506369740
4181828652972487
4150952448241005576
4937402409638994
060473173585
5220503586818219
5541510212520426
3535942415785378
30199644095998
4155831568441505137
4754909481784215
213130127740585
180062064903968
4628080662101597965
4856406624131
342424208824671
180038738685637
6591949492199708
4079933695895053717
213170294366780
3570355930337250
5161083210216388
30195182917072
676148794909
6526489392292824
370131845662191
379851719110826
4376249537778988990
2224175036606321
639024377959
30522607116974
3538640326733068
348698916259478
374131734976096
3581123023140115
6011790992046128
4820446735992602011
6582392415935034
4961730482519562454
4649258665171487
6532184050814041
3529925360535714
30013987323141
36621714440501
2222039742322007
4260667263648126
4262753157753202
5254767823782384
4958596411103
5450288364894993
4646865635584140704
4348405603104427
6011294434671940
2221579464563446
4641476916910382
4646879485312
213188554936548
4666193456336
3552985460561606
2221285173898095
30077649334812
3547184343006520
6504132612552991
6011370878101535
2226486560842234
5487926358396288
4945527245967163
4839191232581898
4144827152721
3530125225929007
4723498818457594
639035551527
30083413112400
5597808809244209
38065696528644
213136357147409
346784441182732
377911139331212
6577964987004170
4001752852917
4678435380781097
4861788950694786
5389638484142994
3566387731734522
3567910947511886
379772435427916
3583148489466389
3536779352161737
30404627814021
4816272142303
6567119536856487
6011267181305102
4877033171117129608
343005815727115
3580512414803433
213166658387883
3541892932824485
676214289867
675995779187
4447520319609731108
4723523930809801417
30097514972983
4632852662482311406
4981078860712
3527873628483743
3593572084961601
2228190613826743
3573191123993733
3508357491281767
3591937626070637
180079053680423
6011873753609365
676142404406
3593159525521945
6541106603946235
6513880169242338
4086494367534645
3566785688206917
502024298130
3560134133761380
213171552659437
3551281523049503
3509698598036193
3587245571480439
5285378898994350
3501218164068906
6536643376655103
4459586506542261
4383813814468091
180070957208601
3532590270466007
6565569354901561
4204175114200728469
4184643746120125694
501811681623
4893798497008
30302612611743
4287651514975877599
5199319141446561
639003216368
2223481081083304
3581653432846266
6011053598148511
4023939833430824
4299637919345
213146487394342
4747482444362917
4962937473046
180034752496803
343181592429694
4515700047232307154
4618131394703747
3545608321020931
4077132094005015
4772796714295178
372252221577064
3576812596328910
30300598333753
4580054736708956553
4561556697537
5203439272375530
3556837855203508
639006203074
4613881425404492
3524666892879478
676103374721
4943284609163011
4484224321338421904
347769910467002
4019211648218594882
213131413588688
3533326291825148
213176983392250
3571660614931107
5125516614366080
4052586519381062
4535973545177960
6506202379509159
4011210563597938147
38338695469635
6011664631113575
3590742039793358
3557206917830527
3576027273847674
6549843640161038
2225249345815177
4074567643883383
502090537932
4967959305976
6547452237464094
4987835820203121
6011704097294004
5118959766335363
3516703635740749
346325267682163
3565514250298685
577276405849
4452383085261738
4104072506521057906
676108630358
5342453061105018
4914123125019080
30456733085920
213109034754228
3519035293179150
4567570258343143
373540462037494
4237415447675
213100722925097
4780751151234776
30210535345911
213194290507676
4032679999697
346265732292455
38644403897979
38220622897163
30325723438177
213145301011124
30181778698680
3520713389989370
6505091127029490
4783630080534216
3580978874115834
4687225084979579
4347754374492441
3506610637945048
4580454050562916
340121474889113
6508011731917754
4660282120395352
4192421196100562
3516118040287139
4510946398497155
4033954076789
213114438280713
4034229851212
30105184519289
676290204863
378366876562512
6526565871019257
3524241545564172
6526964124664011
5273599787941608
502015913572
372041353425238
4140938731999889139
370865613953361
6505818337664603
4303969183107376
213137148076352
30091505927767
4136029302758487339
3523096205723851
4310457128159125
4279500582147364
4690517216026945354
347216178708503
3597221919893318
3572387949078334
4668448944447
503898261527
4898880394022729
3547162202188126
4455427912387802468
4493634557182427
6011900406014162
6011898393837266
676211829376
6011782763089395
30593858852096
36082025923307
213157107471378
6011311403382703
4409403198920717
4746751720156818
5347562275793693
4865337331769176
4644863536177559028
3549470152738990
4717857422542
6524713723202083
30569501920209
4684381797957
4883160773232554
4442164248936223
639067311022
4488130207809
3590251445401382
4364530435753858
5375784725678168
4334690012943806
3551668056341440
2223587710978282
503864458776
4349186120090
30493125319260
6011392185360141
5123465568308239
6526829650819992
6547710479588056
347300777121837
4047983009199
4678550511562818
4659452437972
376163915606547
4751445018785451
4826035340417
4800608274043813
5101535823341757
180017952258289
3562452578164383
3594710401870555
6511068706577315
5568863856636463
4236141604730204661
630402216174
4102056301179512
3561821459958009
3538490076083797
213137181835771
343985900742212
3590867897738714
4703263961169786126
4432064672158
4134081990461304799
6534790718164245
30327820878107
4913107248503371046
4443140332733
30274814547019
675911778263
3553912080996516
5313320183131039
3530240116194445
4475609696826756181
630413416748
6552416254432732
6011695893428186
4947379998025783
4939475741125196089
676378638255
4367639341139
3579785773848610
30159402135956
572622331096
4981867517241833666
6523736630589202
4602439801338914998
5149213819193459
4677238414053256
30085482548976
38684069468376
4419720982456884408
5277938380455127
3576775582657610
4974413792749920
4006262000792889707
5337886735922077
3512184074595510
4671886911902907923
4162376068358050
379149647328762
180000974518419
213155368008756
180052535925617
6597949327022699
5329955441592191
4439413975448992
3581622064685821
4952917354795
4958271572660307
3549745029908300
6011759424263825
213117763741563
4063673146974653785
4433299657433030
5362436263243211
3536697275546661
3545409202863246
4349147041216848
30594060011489
4186165968382
6583812729157867
378020091658114
5424627052469332
6500946838049589
639059469572
180011728123059
4435598040565971403
2227250120067404
4376039414635556218
3563759890612678
4332487142488090809
36571680832571
4755133123069427
348187314301538
6579953297865899
30347649602108
3534900237975040
4211683090714940
675955632764
6565692640436539
4577918077663845
3560800820514924
3589125908092230
3567768929982503
5550717030401949
341849150468716
4908942388910166
4982819820725874
4924212443492648434
4907677185206787
676385616971
060497496129
566359318821
572974770214
213119254383137
213178334551147
213175183621708
565619879358
6550141348479836
6011992234196428
4436089720285617
30334905391196
30271139253315
30526868161181
4448567851125047
370538108770307
6544391758823689
4170668502153760
4401639966161939
213167174719039
348511324095998
4784889496538697310
4401918415924
4388893072703806
3559863940821242
30039956749859
378497570322521
374216493015770
30186473402627
6011758799282733
6524107926113041
6011807640613255
3589532428212620
060469192433
4865072174396600643
3509174929080128
180038566157410
36969902595176
5275579026730838
502063280320
213160532911034
4662593628186
6011597105302797
375654699839958
4284469392508574
4653013708253849
3555414933924603
4170622155106
4900539140291245281
4562424834157319
4536810698307428300
376826084022817
180082996741500
3583368842340549
3598551987382094
4929994088060557
4076004794923618
3527587578086088
4702283352513
180096088101563
213183591843062
3577530225402091
5414349181722752
4418449553841
4191159589111229047
374957052510160
213167543648695
3507173469459223
503851571490
4423891706043364
4432590616281
4779727699550
3552086125428099
6011957790649094
5468696346173312
6011364933585865
4002996874826943
5274116436752192
6507835137482521
30144454417221
4130361724287702
4546498912003
4447826015900856
3584089736122962
5411567532220233
639053300922
3515224132959600
4679552381690629
6011186304603344
180056782612554
4303417642240
4578885632252107785
3579845150083148
5442782362113746
4125783736658348
370933457864498
4366727843811482294
676198768522
5187067124840805
5370976787151747
3515578054564478
4617792704492700
4219409051155473
4457521839144701
4347244302453517
3572999605039994
4616022348979404
4463330326501843409
6595537712165546
30065072829515
30161055530483
3562252395020200
38021789998277
5300767581833407
5394878594673800
4795496714975902
4533546608885000
3580817722944872
180047680972356
4183232201653169
30427660131409
3577621469267785
4847419199203
4077477789700785393
36051103574258
3575783264878174
4275861425963589
4099175428457638
3540070754438152
4810120100517256773
4640338064461
4050864868191743
4763719551867439
4780267259965666
4146404527563
501857058850
3581780173535830
5536171182192626
4794076797477314
060468048339
6532371772381389
3551763582112165
3565721270752688
347129977478162
6011570868670338
3590837583946475
3554639114753931
340981295752190
213162035941625
4238119605917867
676182270360
6569552324294578
3564303854027281
2225150349613065
3517776570956743
4417913711128481
3534822057860799
6591675967630279
347172161972293
060491852392
213104218371030
3585790297378534
501881483363
3574455854632466
4440041889349514
4910694874534
4194208730045769
213190527040945
4584857648353525453
6011617571292247
4452158374847932371
3555401482355404
4348701230335
4445194766896696064
4854901072035817
4173232496348329
676185660237
213113067681340
3526897410416505
180070417655763
4318815567292724437
3559779115363390
3544415869630787
5457276022432242
4146206626161822
3541940672660583
5536886070758309
30086102055129
372814049863842
4047468685968131607
3565740500273760
4860893677779060027
676210773344
3592325193830857
347315476111954
568184323836
36320280473687
213167968060608
5580341782135359
3566178448973101
5572478691565118
6011057935136873
3502059456765091
371078180476274
371425557844941
213117789746885
561297163934
213141454590436
3547326262220968
4747626520433
4261432900063489
4450015046442708
676346284364
639062059410
3546538058156971
30456437993916
675906164941
3548768096695924
4130101676362243517
3503465219253987
180028143063561
2222124062342940
4868343503889591
345922281703131
180064492677842
341453558530167
3545917083031196
5401116578034678
4160461927180283
3551489096301603
6011561243291734
6011092227023851
4194113943659110730
3510783213777103
3554440848727907
502097322676
6587381509040236
3563803704800622
6011395903824272
343436179934882
349750423875806
3562089116147213
2228672346825787
374036320291810
4996129125801065521
3530929654352817
3549868173640592
3529171834612546
3503803531354960
4967352090804855
3593310092792308
375972031374157
4284770713681325
676331025541
503877885171
3538308156525927
5562250666713805
213104403736088
4955962235377593
3575576880918519
180048962447331
3575154976276893
2224830026813465
6011364060225178
3524756215835776
36814286820479
5326658342151405
30145526130536
3565312935681171
4730859667194386716
3584018681925400
180017625701749
4567615690096989
30174428416900
4072006960988
30146875499670
5519862030000786
30106021761290
180088173589216
3580544395738528
4174673402241190
30127952910011
213168830363196
4301356487761397998
30592871919114
6582107071852798
3535761180358744
213183493022328
4822961875431208
4869886909618807
3588175629751573
4176718892643
30270404764832
5125429645708397
36039376521460
4469425536561215
30395438224493
3528163403428579
4781145788090629
675926414375
5401779972961992
371427767860527
4973382462269
213166364235228
585345844609
4124938697556399446
5102916295746278
5419277880247562
213170389035498
3523278459997957
5229293738449144
676277054661
378429648274103
4270232140660668335
3552506387149059
180059167180999
3575514891549452
5366255924768986
347564517101884
4609882659004988
30455741319628
501849915019
639071254085
6590511346993107
3579207819460946
5512062345041313
3571359113474616
3584866222722136
4995276515576549
5123595216954628
3553325701379584
4040578985254571
4669936478658205
6521614436258649
4208279379223631
6011699859179080
30253096359921
630481341885
060479005815
4899682531498432277
585634944870
30567911931402
3587246353524659
4957203012250598
4328013235034055
4353055731798814
4012675020164198791
378526354364968
30443341348197
630410356384
4010781686402269
676366630561
588708917293
3554486789068322
4872153601032
3557253269376683
4680844517334389
3562462776131530
347003656299423
4546032233868104
213103094571242
30429743380227
3571097016956897
639020865668
4078987227912907555
3543306458786141
4811728555447017
502012599671
349916104474223
5441535036182013
4040760126757
3583510233184685
5588382595574923
4251017058746465586
4840362033347
5338260049673678
3573622260930799
6011195253815445
4616373351178602
5477950596655562
370703761581975
6011572988299196
3529169491662192
6011151726867398
3547526099301796
4008457002914568
3565472357010729
378843537647908
4895054657078896579
676228701246
3571927886249140
3502697367843216
213195075646373
4090687167311341386
4221914506163200
30203969268261
2228719181994796
4609404175436
4528130644588996102
3535751685154433
4148116107973
4689894487303078731
30315607148711
4922463424339478
30404799579832
630427797885
5259599530461761
3504720467791826
3513319791209784
3511136902952686
4885611764197618
639033086013
30521973520819
4894666495389
30538011776708
4614494837408337386
5337736349088478
4328876115784
5199370788626916
3500158699729559
3502753763591667
4172826105200
4548872384515144514
349282404629341
377783606924260
3595866890892663
6011340665556308
6589906683498061
3544681527446441
4207092060156509143
4552828581849
348893708057319
4352846998236
5344772265681401
4116552197717
30170043972871
639012681263
341656979679922
4093475518594
4589595987035144
349088231257911
6011584857072950
36156882590761
3510059098696274
36207440783875
30450988821295
3567322878502803
4296189979041817
5308485801202160
4722790332486278803
3580296003327018
30519463534845
4482946674732
180055872693599
340679308592294
501840604141
4253434507407
588443458827
30532954045593
36243927357412
4080031982520843
30192068566974
4770056622254128
3596360292014489
4247606337065899
3507613974299291
4785989948276297
4659259076797255
30323287275234
639040176187
4536165253187
3582932351980382
375082532244428
30181857321758
4258761285847412
30129835517914
3523444898113875
4146595129077380
3511593396177057
30519553099477
4742553569609707
4637886669390442867
4248727235763705
3527191155229862
4763226275049358331
6011170319389503
2228455067000446
4623246097021
4285011584719533
3579704587633951
30367047907776
4830314151099
3570129799411021
4444890546584723
30529963636271
676200642277
6517911415920876
4794978872463198923
374360593464338
3564403100015831
3586754123040402
375138329543180
345785198384414
36801490039848
2221576534805633
4032583976507920
180001594889347
4943774223088081
30342109099010
213143711566779
38746063737831
4877873676213737727
4926514084791535
4554952785319868
4900868242484631094
4829123131151
5118854254952441
3519631010008415
6011430420741897
213178067418118
060404694121
345645554358529
180014425221507
376034701992427
4546095689855842203
4958844060213382020
213175665076850
372131664111443
5141941177944240
213155857095413
5525102055540735
4483274983968792
30252416218916
344421286415560
30115196383442
213160782735547
30495273777033
180017699966798
4479555620718012
5182167384029142
676286129595
4944304888923
3503973567025634
4692758133561964803
3543484196465722
4254274198336154158
3548805580499825
4092939423078
4676311380316956
3582711350719433
3594614711189971
060460961935
36041848075588
180040042010148
5357122509246849
4156187155979
6559629484510589
348515329219875
373895155329818
