532142233
320912737
503498982
512570204
730017492
798284119
601471768
732503159
736861201
695621054
788792790
320520807
884263084
724015054
690423980
608093286
697594042
699836926
799035362
227226484
728199991
229481012
323893185
788752481
509802795
792461673
796785090
575178201
889857038
517695847
504195359
731056998
728026877
570627964
502266096
661659024
578258199
785347698
223873859
220698666
609519853
609509751
507506008
889018907
575529929
573976761
781022205
731836285
799242592
533114370
220068359
511537825
539957171
512855963
666172212
321029720
735228134
781560992
536751564
323711121
535704918
326944606
732929050
664908805
698370101
227163904
785750840
504628744
505691225
507383310
727126900
886899005
514814186
571274842
574185799
732435973
574636788
780191827
223023280
517136781
883998434
697561919
889542229
539986954
327823246
696274854
732585139
724872930
662835796
510180256
694350324
577220994
725869524
607162978
574247137
516482709
730566159
667316028
325924081
329564137
600218969
328819698
787217101
792284115
781793552
669198788
576348950
699926606
534908906
534683575
514278231
798454134
514687278
667771558
606306351
514336414
690975963
323463796
320518424
722653574
886251462
536073227
515617283
880292493
795496120
667909611
790082871
798742245
606429539
229337240
887082531
692677744
729329847
720559010
785372738
501279214
503455160
783078922
573042333
570931481
573758219
224116471
783771997
579781978
882699198
885287102
784528781
795276777
579410626
727661910
516156363
733550093
697237032
735381725
323056618
323836937
512901581
327663747
886851241
607938047
226328143
500711492
720743589
502704199
515894527
661760124
786799174
737367855
225918224
322974708
229444358
734558737
733909523
504095452
227263903
535196919
509487101
222529611
880568635
723472646
321769765
221193149
579650267
516235843
696909211
789680476
798381200
792657100
571896302
537140588
736642528
735169252
531022137
507618201
694327341
695848387
798827741
799980899
731717778
794799265
578616702
607955089
789990338
731778769
329621555
790286907
887617060
534410309
889785161
513473131
780520693
796367135
224721166
662932513
502942105
799459716
664618904
668581619
880236963
780976219
600881944
329606923
321620424
730997783
508646938
660302520
501554521
692198451
516638933
531540731
221388307
736663235
664505858
721226878
696629743
518012192
573773901
519813134
697793954
329864867
506780214
738001249
609324146
695516058
322485972
721358292
724330511
533971198
600359379
791615570
510455154
504082384
887995218
699169788
513327981
516326318
321153089
787390129
579342811
573364046
574015162
881253234
578875475
505330544
573474095
506161089
572596291
225472399
798838652
604651935
661492661
697215928
732322090
222931113
693658898
220991200
323337184
661449974
532303152
329235252
888814071
533536540
570712856
795236838
792991385
578072710
327681940
538440534
604725378
734519159
226103430
697195706
726656959
225951828
500013816
608753581
517573718
322904221
538806886
730640132
663368981
609696138
511665078
501843055
786846655
514690806
325708698
604303665
666988632
784353636
666022998
514101082
507000875
735169022
607741027
606501145
507502751
229741372
220585238
221667840
735015793
519838785
513344359
220228195
665462964
692942811
699260883
533465450
229178122
509707773
532760506
519140403
694226434
729623964
514411957
695544335
664623597
662912065
797518060
506727040
780772020
603895858
732234748
799161151
503008350
737260749
533961905
513554734
530889063
229408153
225334123
328863992
503111381
668182677
696698531
668611671
575786815
736709526
797407388
780577399
665550347
662975506
579914083
573696289
781420209
666312744
608720651
693252579
690226733
225341175
509487689
223943309
324353845
663579031
724570661
518506755
504260825
889591099
730422988
533239970
720089186
571104450
880071134
695036514
513891387
889024075
780409300
781628422
884567812
600049149
509762717
667027242
537230834
534145396
880912368
606376584
605962676
518550852
326956764
665539707
327709701
789836513
720090886
322523846
504726005
578925477
665097917
669387852
600948872
885625374
727875784
735663753
505328201
883307269
508247412
668380932
510374762
328286011
606948477
227471672
513972356
221667460
729948095
697897002
789596479
516013661
728635197
570201152
884544395
500149874
664034179
669027514
886029703
507091609
699329173
501676600
220197264
576968130
607152639
324203341
578921833
506024870
887699078
221262869
513613001
511618124
726662238
600282268
327157419
662224760
579485582
322533077
530442808
326346295
531357434
732332738
227088275
577671917
500355246
530641492
609103951
511700038
796745799
533820081
510703772
665682270
730444929
600984432
785819674
697064035
512931319
881288437
885115112
727923636
738107521
697390972
507498725
692260154
735612029
502630487
512055379
728230166
576236086
782890197
603062409
321261675
516700011
605345508
790480378
725773788
506209748
227253034
884972443
692225712
606332817
786440924
782227788
508120238
516751035
321314275
690397498
733286934
788239030
325262200
691425780
327461464
530876675
794999563
503266810
516736339
503574969
888449922
604973837
321011792
664591443
579583725
691590145
884466430
731520117
519537976
533483975
228282849
328207251
882891352
728150418
739113049
661250828
692265506
508338250
721461980
578966397
664291201
321956929
783506358
327046399
798336867
696447663
513334287
533577476
322964112
320628922
538299372
325140205
325398508
739021490
506869793
605767136
513035733
881330889
328855037
507518309
506210650
510390506
728079491
608041485
329111664
508087484
720904683
324991043
723119031
603187420
323734864
887793676
537416420
506283574
224671423
515689076
792125238
503550454
698961544
508120509
889327659
601169021
733969326
781830316
607023593
514229963
729308002
792821441
738001831
739954324
320552800
506272085
573231891
326635069
513405676
781648896
511255224
504065663
667085486
573711333
882352921
692794502
576661531
732658562
662602398
739253509
780773989
789064681
221120758
571470517
781620391
783530281
737803950
731402292
726031072
882299809
731304347
734686636
504342724
578137675
668807068
533188233
794780326
608134453
720156054
786272166
880884145
793533423
603643976
537828701
322265848
732520418
667646341
791440738
730989935
663731159
727972810
883359913
692888037
220770419
531465246
733324405
723678493
320711128
320036741
226681071
501910262
797347056
503781390
571840761
783990321
661850509
692818914
699535866
797643082
887082561
327524184
530390815
602517002
887040429
574747255
535037164
720718804
723910039
506338533
796940121
733680152
576167662
505982933
222976037
577429568
503652423
222640723
532270927
726174015
608377133
725475458
794272996
727323214
228304055
607009614
606095160
669162395
326737028
530004956
795752669
606191650
696219719
532309865
222825631
570946863
798669328
320812216
224864063
783768855
225430581
506437301
511133411
888014079
781761592
517595540
728918800
513038390
669621415
605915340
536168368
793728898
603283190
788677400
573858357
325930342
500297986
690367834
576725855
888788587
539333424
575106182
785644433
579466547
500993697
789295835
607537920
730391513
573320304
789938161
519768274
796074547
510277565
887301323
501489176
325420002
502431924
783669896
518511265
516872106
515861092
662076685
530799109
736788089
792611337
574133693
607727241
697264704
327397889
220574708
797602130
603323899
789485082
327740374
790163642
603896800
229462607
578082889
530176975
325067173
512802255
694632003
789910831
228793006
504329751
665645242
791141155
537478036
690879857
795489709
798615908
225385283
734185425
664666487
222294111
606499033
788920024
321207353
798931641
665186119
502676227
327295780
664233831
572537217
697733961
220850907
577885239
533439929
502677083
505811794
515506567
888831519
738747001
736504007
789884079
576795541
576124180
794887583
667684630
698375940
727794829
505168366
574685105
227853683
572937382
699712437
728905246
693846260
667831470
668661024
736042610
790167161
531349277
784343577
692279442
796546932
223173185
221473729
602428788
602156182
882558243
503855847
660334044
698152472
886660914
696598016
796652965
536526704
781091366
693051751
791698938
326212706
785066516
799708801
787243535
575963975
794885137
724218117
577571403
501258209
225226236
221720222
789074495
605062010
727777215
784250889
787197201
798411515
539222218
738315217
575543671
733815864
325533714
727556892
784296109
668148374
887234822
608365629
693477323
515377879
722324289
501401651
538451321
604609559
328461518
530774402
722366473
506367502
533657194
881860424
328795100
539262533
730904454
662686268
572152214
322335994
889135996
507402523
608781670
695031826
506421544
732987431
579637029
786658160
882513834
880518638
227356674
667749308
661398310
226618848
530373802
669555830
691678786
790020587
513612724
739309454
697999104
667392872
322803006
780458591
532586784
577533707
738750500
602381379
577828201
506380267
792228372
884591441
517688125
882775075
519021553
787322263
665007768
226391323
882240092
573745166
328767985
517668069
322954258
885365672
794019989
732556186
782674774
327881383
734358241
668434099
669396252
577537193
732219038
668282348
536197249
514729745
798229913
572768968
720915159
608271005
506126661
573422067
323294360
785599623
517114124
508368002
501569845
504346084
889206898
690238753
788133662
723852366
721700237
786271937
531100680
690854730
696387127
326685946
787872064
663662444
667108055
609058379
321041179
793542522
512260579
736887728
572246375
223147651
602693207
515572726
724685589
783905921
536240526
690298261
664838157
538054171
883505834
324118554
724812677
785452780
573139036
221992205
321094508
603565877
699210343
695600810
607120661
228339627
324639233
792550307
329981894
519325586
886984177
696482522
570373769
222342413
784667509
501890439
510362713
572605937
667427525
607463074
536451935
573273036
509135589
791958112
223465137
578989717
725953919
787289610
509582757
881473078
781073164
737378504
329009483
696881189
791983971
882447873
507294650
575871401
518475028
321657158
782304886
736876161
601501287
798346919
720347005
224292025
884544219
604472459
225115156
329582284
510759599
328964851
888018660
668608106
227827198
511043067
887364862
530214465
507070266
324878576
513565184
725344011
728054729
790875623
516072091
531034359
328412822
508804787
514631802
571812654
726474957
328493847
732494828
721559017
604479326
691615711
727924428
519500809
508982529
783784149
326682203
695305458
889608719
220020816
228982569
607066054
882815259
538445479
221135133
725366576
696418617
573349467
328951948
514549861
796659205
534147573
737508832
601092034
793671069
785090641
784391732
321603365
514276820
323831020
695104869
326727293
505960878
570992817
538771267
574084977
329966786
725479603
697510976
506341027
887578693
728036005
509855223
697550164
321238064
602775318
784714991
720822430
786831618
696472346
734458880
888806091
604679063
539977728
605194424
662530446
225572327
507871972
221664217
797468932
691162562
220779743
600190920
889635061
325304411
515383981
726711672
729851526
792692368
733088651
787402679
698170648
668698946
798326419
227504364
664295488
723283824
889838169
572036366
536465006
887100007
735581535
698508570
604377927
531756860
799560566
578359904
531933608
228150233
736881905
504040748
530286708
608484454
328753792
791123105
602278342
538193751
572222332
733773123
511483813
511460468
667345167
784555505
572958861
886034675
881824535
666612257
789714793
516311800
696074970
727580463
660784547
722158128
512602207
509258098
535443156
881382335
780545549
663133875
790011846
226104721
222487375
731023039
506817523
605121232
798227317
793209502
320081160
784382683
737779017
721447338
227407412
535407500
796943724
575903124
731788209
739605879
607021243
609843987
320620374
321446722
220081484
579461472
737345678
794584500
516653104
534574705
518814775
791274558
881963734
572492348
220660852
329652168
510877879
327435880
695646802
723864293
229521560
516776432
792299954
604149360
508876650
730496396
726612620
794906065
736774067
886131673
697523260
532252446
730497666
503446726
697043561
781961027
737222964
576014293
221463548
737765026
572487113
536112575
786399203
727086758
576912417
882110875
601138324
535682610
226929878
663313531
794179113
221795229
517479931
509013633
573833903
574097071
511385107
735080671
222436350
723096144
691182739
517506876
222140144
788473371
698741036
516856592
885815244
889091425
537618540
505204564
799949795
534464118
323329549
883491001
736462958
571387604
792333331
691058642
690669105
509192201
320782168
696806505
221626099
536595735
725031371
693548452
797790404
721568902
504214919
723283517
797333707
502735789
538926856
787473455
664787840
669334438
227979849
606934902
220501228
666236352
884006594
537533668
662366259
660798189
572533870
727455802
609339070
695864516
516283527
608931076
699699133
326127869
730104332
220383513
577051197
579743718
731276797
534869253
571895436
739600211
697353792
739790172
539511956
509463493
227992965
516366002
531000094
796684251
225230961
505341303
512679866
511490455
328464004
734997275
571789234
668230073
694830894
737200320
799604037
664044361
721896607
730922937
535937483
662622515
324704065
798354701
699531359
506050462
505349954
723183343
739598041
797965010
694415535
530834809
329265398
607010541
880397806
887570301
734467252
511027990
662483529
889860280
329896120
730783793
799587096
730724091
327572991
882872528
691286168
781431373
720098908
530115697
222925088
328851524
571824024
782709280
531237523
798439643
512356829
798863170
798518179
882793874
693756409
790211561
736643716
693761209
575274242
699752114
608843902
517868409
885126423
502346209
798288551
604047207
226744501
738569313
780375525
885784109
576597312
506627380
738810629
694749743
506982849
609874127
220086723
739254421
784857171
228076548
607975286
324943295
605224098
791972079
571803918
790187010
663569561
327393622
517096470
601700388
517116557
663345495
600064460
538915258
792473139
222934280
799138436
609815985
794719734
603588932
606551298
887472287
882185340
513736654
725988605
888665454
697654678
536280599
663104027
797749451
325955257
888587602
221102570
697494710
572610404
693686243
695254109
799331318
321743668
696687127
226146185
729154800
533339874
739161054
796676931
790516203
530193322
324021952
604415302
734922262
884989238
570083108
882422771
726542616
789636059
516756536
693135893
228074936
501479608
321770516
693036702
575085822
697150177
515127182
694186577
784490292
505363387
669103763
325057448
321713037
725317832
518122886
327987939
576024258
530371121
782298519
737659614
723006396
884013045
799799565
799465450
224211963
884616221
603054370
884607970
574481182
696383015
223358160
735863358
515853153
513951640
666937356
506306590
669359653
510220121
785294162
600195089
224046625
667946808
605113143
607694917
721390563
222010708
663242788
223202568
690991179
227639513
509493709
669100815
501929625
690687260
328133904
504719862
532866107
731798025
510226697
531586789
607182987
798317498
780123184
221239573
606198946
664141488
508913734
323821493
667619067
537546045
515618481
730096009
734452111
512812184
661235512
229866884
532521246
571050660
220315225
735037952
500689651
733789502
608474567
694195905
537623720
502582713
721363394
696946138
697417293
884261936
530830255
225375225
784064703
661724208
508150311
664093392
791738282
511702198
516364499
320658483
223888141
531860117
572187824
881254471
532633876
507114127
882091637
577466593
531782754
729827676
882003564
738303836
322161385
693691108
533294993
726077293
724360555
504261401
225268760
602912652
221470389
784471037
604371368
727971647
534745251
603545818
881319042
788324989
789037693
606847909
579629380
508376482
501433882
738034485
885432953
321992514
882349776
538345987
886163649
739549674
606359761
510173662
534570477
790229468
512715448
576528054
663769482
602616097
794073264
885346169
662467779
797605486
795297393
500362769
503830488
512671148
790210288
726316332
888025050
601865033
530873968
572907613
665052698
576496399
510725222
696795105
881453160
500951654
783707545
575411150
723534582
739176879
229875952
503082131
535706559
737337581
784776420
787295953
739705111
784870092
781583067
727202370
225918324
571729689
327683264
321086777
799997374
534501627
571133439
500941846
512949393
798140626
785232562
226842678
220496482
790573411
505735320
783356664
575756497
518700403
736655319
575769925
735379511
665452777
512979494
530013436
535476849
605449640
668466316
501101715
579842715
698683752
664916933
323921372
506430126
221085833
531949142
511312672
886544943
571111039
885918073
532691221
229161516
727334352
229363334
328363501
328140745
731705507
662200277
737063186
579644274
791217201
518321350
696269280
535199299
660613219
531138945
325521593
737416066
736206044
575218070
791696761
666149567
697446202
575835525
533786004
738797719
663469511
739203797
506760397
790173077
226844312
505258733
664573905
733122792
736081086
729201558
883276326
690154438
699278752
791022262
530178013
697494763
513921553
884716346
518856551
220795977
786061715
226491923
694612935
511526588
785397011
728179942
324228017
572254234
500165578
734157856
608081544
501135034
660828405
691885036
734506774
222729380
797895061
661204766
573595766
699627806
604904757
727427859
602279604
786772486
797700013
790946348
797146653
513356284
500505376
539286913
787526029
660370210
535197034
793513164
797084747
694354652
880379110
515684911
509092829
575309748
605510956
696318378
695697334
505086738
664790373
531737365
531456225
738515833
662926797
324829240
503823048
662396916
885854843
698790802
792871639
575350025
322503323
222070087
696685835
504888421
720235009
577007717
736773805
229206229
729065044
517799929
509516790
533127314
887550458
606395907
530100960
736735467
603899290
796136986
516056079
329143474
733820337
500824337
881859491
537451724
603263822
515867712
883785386
660687203
326994518
720405298
606621830
535095999
885190371
511349479
502944101
795967533
791238018
321494724
731740898
538748692
881936905
886617038
792919784
789285915
507435219
781215344
724171549
690377221
323853362
508308683
883724972
739916948
504421698
738857999
518468759
695068595
600121592
538615344
574070185
727506741
697966743
789828191
661978398
736412248
606965744
531253120
578777285
882471667
602221437
731939401
532451341
727279528
531570913
666549256
575117523
534431353
784667457
661653581
881033424
573110562
573934317
660318124
576579579
327029077
601285781
696189411
886340130
795987900
789651343
534231599
725205442
790053074
326831902
785190122
786866107
321577590
570367658
660234941
669609186
693240153
880802916
781418841
731102016
885065654
726493972
531863349
513057843
784818726
793496572
227054553
603863405
692383034
606813112
539609110
786655547
729462222
724442168
604893708
699113967
221742442
737336773
692884392
228355219
537734010
736810936
327497730
576368786
735986011
881039064
790450779
795404877
605497217
530450761
692829381
727564411
573404576
224935540
881915877
727696105
721753876
793172880
513176131
538878426
537585008
513670373
225182770
323115403
515198838
579349149
722682121
728624402
221509709
512183381
328324335
738835881
229574932
514818069
692181254
604441725
328925012
503112531
324175185
602828836
517253281
221316895
502271741
889458245
220506568
725901155
661459634
601265631
323572615
697229847
516972065
785444533
782381706
605022543
225303289
738011096
882929910
227887425
518349190
228605561
796794768
601796636
530656887
501568596
512364318
517916971
799514324
607470782
537918120
790139619
602864074
698533450
661465646
794442316
531898815
883502381
693063750
695904278
782165168
609426423
509225392
724129375
604424889
668418416
664260781
603817690
500237955
221684885
576315231
606762940
571263437
322927399
535355638
694975035
784538823
576494607
515066086
576946427
605591462
699873351
694905118
734999159
514736638
886648341
666778628
221042227
794997009
537085836
694330901
512861897
792367434
694616163
737669808
321811548
731492268
573580175
669754743
576590452
665222445
572758832
799591053
795178384
228932890
500276062
882531277
320230241
694193834
573990292
570135840
228739034
537933177
329621654
789193601
786882045
574954175
886982126
668646717
880592572
518886865
578000859
690366784
570521326
223712564
698322838
780924007
570889756
510300128
736340264
692042609
787975848
730677181
328292973
325739877
508933158
323244139
730959805
699556016
725347617
227828690
515423438
502230200
601209457
797531302
603389774
500845272
538416448
573561571
666026822
886483906
535765391
225370599
517893990
790066195
224904050
575914567
517250159
573728782
578298085
606399245
788976565
697732649
323558717
533660490
518100564
225198975
726601747
530024456
666945544
669365708
534875768
506313902
728506598
888186256
887338037
604013086
786860948
726622654
507869729
737495753
517666351
511761579
325444200
698204761
604283658
226282207
726885426
782197089
605687175
574861602
227988495
786647612
781135827
694231913
733238956
722728624
736481148
884208927
780239686
884316339
504267587
799406292
694061917
607171193
660861731
539885255
504696400
792609658
519133928
606380362
699760593
783829829
728634909
537963388
692449806
724541311
329467771
576721051
534984355
885940075
501962940
327235258
885387164
883827609
518012317
509832075
885821120
727693874
796620017
228386324
320060672
223432525
517193597
690629888
666419937
516536305
884394913
662710591
695096940
789888398
533706160
780844458
326774464
225655753
730374553
609371734
721918474
799652966
668946755
780453318
608111228
221991383
575239990
695151207
223743349
732299723
534191336
720188242
795514769
606220161
735088713
518021562
727760600
602779804
502704953
782059948
519668151
539341669
739317988
579746705
738883607
504848438
735348431
883071234
889414318
220852975
722562717
537907121
885392432
723150933
519251108
533881882
729097290
600213569
792968837
509988538
601870792
600183458
886084013
574904302
883687062
508914594
606394985
606006741
579428745
228725306
510189578
690058763
574461330
518415461
720881522
739907155
665085602
607377527
603789881
691444321
667995087
693412444
573090667
665769999
320091463
789690467
695445053
571090139
732360442
321952727
881974526
736974809
572690006
691883124
530470592
738573023
889609920
662576670
786114829
608693225
694396755
727554298
573305050
725193262
579557145
783963279
797613165
798988841
223240473
224295494
503296385
723774578
220603377
782314355
608661580
225092477
885426241
221776963
225802076
692380380
511570843
572331555
781858241
602981435
720217409
323956894
539778784
223128590
723880740
532146548
696824753
694291602
729368564
228682756
661958403
691008757
790419058
789790700
694656787
536658107
723661100
603950030
221282210
796979115
664000534
722685638
781420413
501369935
782609246
325844764
327796539
788341017
665886588
570843324
734395674
665162494
787634179
794855680
668778205
224112547
603278917
668261133
723986576
725348979
669818553
730901766
799304067
329777912
794816604
690960803
732586737
507125045
321085375
790775893
573370156
783128219
881651829
220331181
667278457
691780697
729504139
699769729
518936653
516544974
609670453
575425563
510380308
881903635
508163996
224938384
727954167
320365689
514714147
321578088
322890211
327364337
327247207
536323887
692410537
883118625
697656623
322780860
795388858
323120002
799467856
788331082
604156995
505655075
518275263
788021583
575964741
227736940
794601579
699401903
221558860
574813914
578948828
329292176
798580166
798731081
534859998
733090915
728186006
513143848
796750183
579279405
329991768
229858129
324978841
699247173
794665421
505117251
530736282
538953508
515700706
732964074
229255273
732673539
697796254
662529820
729864109
794508094
325919232
799998991
721337815
723752849
787195133
574026690
733819591
661962057
220835852
535773615
324457264
690391017
733835009
799176378
324412196
794284647
539796739
609802560
571830348
508293516
530789147
786077640
537369899
532844582
504810456
510646982
513240961
532625726
606377911
692021213
789685661
530951405
792653715
782362037
222064995
669883807
539324014
606546008
574058584
515079773
572053750
507158475
227276799
799826963
600794168
726578050
782467053
798699186
222987567
577098763
720301927
794478393
734461047
783451744
535136213
539706537
603526597
726326915
512950711
509231332
326494695
573787728
721922114
791020334
793361691
228601736
517796182
796969627
225282514
732835047
725455925
796613645
787114269
506250771
501528544
506227266
736935099
227626932
785092974
724299137
799209547
322360637
504577686
692533303
600697594
322740534
694507188
669286592
736962568
695828902
790220301
515093740
735948716
733776400
886925547
664232087
731459706
577590499
579223018
519093068
732434024
607214528
223674761
665379130
724510738
531154625
736575698
668142665
533872634
696329113
326534708
607528669
885840774
579672052
532383556
669552439
667657013
223971004
780906451
692127685
786073967
782579513
604014502
326644784
225188641
790255051
503802164
