29.31
55.2
50.19
59.33
17.9
56.16
81.87
23.81
13.2
11.11
67.31
10.23
34.88
36.2
10.63
36.4
99.65
12.13
84.71
20.63
57.18
67.38
0.11
89.9
62.49
23.59
47.9
44.62
9.5
23.37
1.92
65.22
32.24
4.85
46.42
6.44
58.65
44.47
29.2
52.25
46.69
61.13
19.89
77.6
78.73
79.87
30.58
71.0
71.3
99.67
31.56
70.92
68.82
79.81
63.11
68.64
52.9
54.97
40.45
33.82
17.23
6.64
25.9
10.6
32.33
71.47
40.1
4.36
29.44
44.32
44.23
64.42
20.74
62.54
5.7
71.47
79.98
20.0
24.33
99.14
50.17
56.31
58.78
77.33
61.14
86.58
81.72
25.34
22.5
86.23
71.79
13.48
64.58
56.19
47.81
90.6
76.73
98.62
95.82
52.47
67.43
62.33
23.55
68.74
81.4
26.64
55.59
96.73
97.77
64.37
70.39
98.3
15.32
36.88
85.63
62.96
60.46
56.62
5.12
77.3
10.72
89.86
95.35
80.71
22.82
54.83
37.26
12.54
24.41
88.37
19.54
67.21
13.78
92.98
19.16
52.24
59.21
49.63
70.2
77.12
64.93
32.32
26.58
86.56
95.59
42.67
17.12
91.87
12.89
51.22
70.1
69.52
81.69
53.69
92.41
14.68
79.66
84.16
79.26
89.54
2.94
57.53
79.89
24.34
82.35
15.28
19.61
62.52
80.77
75.3
41.27
80.33
80.28
67.71
46.37
89.57
96.47
47.72
24.69
46.8
18.82
93.97
5.56
62.51
78.15
11.62
45.11
52.9
17.1
68.7
70.3
76.14
75.45
9.9
69.38
20.25
55.75
49.41
29.63
86.83
7.16
36.6
17.75
47.67
26.3
77.18
22.1
8.17
74.3
79.2
41.57
22.21
67.3
41.62
84.55
13.99
16.9
93.67
38.76
39.71
57.98
3.58
44.33
76.52
73.22
48.16
24.47
24.2
97.64
52.85
50.6
54.13
75.6
86.35
54.63
17.68
49.75
28.75
88.81
38.39
94.1
21.1
81.6
54.95
68.94
52.95
43.63
95.46
96.72
57.78
25.48
55.97
25.9
94.7
1.56
19.86
57.18
24.5
99.26
15.89
44.94
7.95
69.37
99.2
23.94
26.72
25.93
73.25
94.94
98.11
81.94
79.23
47.7
8.86
22.33
96.8
65.48
86.52
97.84
74.25
81.3
40.47
65.3
94.0
77.5
90.43
63.31
22.52
34.44
40.86
41.95
65.92
33.12
23.37
51.35
8.52
28.64
44.3
17.3
7.74
40.86
10.43
86.85
27.49
39.55
83.52
23.4
38.94
44.74
60.49
38.22
78.48
45.85
67.78
30.41
10.79
21.92
67.43
0.73
81.14
93.8
80.26
13.19
1.17
47.34
98.21
59.66
48.5
31.4
32.35
99.12
4.49
68.89
48.99
87.85
7.26
33.56
85.36
20.81
37.4
55.76
41.17
19.88
44.51
9.0
95.99
82.8
98.42
46.27
55.93
66.6
60.63
72.79
24.49
47.12
59.76
21.43
99.93
91.76
10.72
25.52
44.42
70.38
63.9
84.11
20.78
15.52
29.43
9.88
41.5
57.26
5.91
88.87
59.71
95.32
37.91
53.61
62.82
34.34
31.7
74.17
41.78
43.45
47.55
65.59
6.43
15.7
38.8
86.79
26.12
96.41
95.72
75.94
64.53
64.36
78.3
14.54
8.3
19.54
45.35
86.85
36.29
55.29
42.11
44.63
9.18
94.32
32.1
68.91
69.79
14.34
48.49
58.0
11.64
71.4
74.85
22.58
36.21
84.49
10.91
66.83
27.3
76.87
22.7
60.46
53.37
84.85
29.78
57.43
42.89
69.72
58.31
94.31
42.44
9.3
52.23
16.33
1.8
77.38
45.42
74.91
80.81
97.79
80.78
31.28
98.63
70.35
3.69
90.52
15.58
78.4
85.45
77.19
3.5
3.14
3.48
42.95
96.95
92.82
84.49
56.74
84.71
27.67
3.73
35.0
92.73
7.18
17.35
4.34
3.5
5.26
51.13
59.0
68.37
85.59
82.62
71.55
60.66
50.68
21.71
59.68
58.52
68.79
68.61
16.27
5.71
61.93
9.48
28.28
80.81
76.85
11.78
18.9
63.62
4.99
88.26
83.8
62.29
1.75
61.97
92.9
94.3
70.29
77.88
27.61
54.82
20.64
45.98
81.6
84.83
2.3
31.62
4.12
66.86
23.8
68.36
67.76
48.3
23.78
31.58
56.11
67.4
54.17
37.85
49.96
60.91
86.72
58.54
1.16
81.5
35.77
60.57
15.76
83.8
72.35
60.3
29.11
35.97
55.79
4.34
9.74
27.2
33.43
24.57
81.59
61.42
14.69
64.99
11.73
68.65
42.23
9.14
48.48
38.11
79.32
29.93
0.24
19.43
95.55
82.77
1.51
80.48
90.35
40.15
99.13
37.14
77.69
87.46
46.47
0.3
1.74
16.16
25.0
69.26
10.86
47.47
66.9
72.71
59.15
73.7
44.9
76.25
52.7
47.97
96.89
54.56
72.5
67.37
11.59
72.21
24.9
20.2
46.52
73.45
44.68
46.17
22.51
90.84
80.6
14.6
61.25
30.39
99.79
45.54
60.42
70.41
1.42
79.82
77.25
22.1
51.32
27.83
1.16
5.99
50.88
75.64
34.4
65.4
90.26
60.62
35.78
95.12
86.12
96.88
11.68
9.46
50.79
39.82
26.77
91.37
70.72
22.79
19.83
30.1
44.12
68.61
95.33
95.21
21.53
62.8
37.8
25.86
19.32
9.12
15.14
5.76
7.3
84.4
66.8
38.26
40.26
76.72
13.81
33.49
16.74
28.5
4.53
9.5
34.88
98.2
84.33
81.82
48.8
47.6
6.71
19.31
23.91
46.28
85.47
64.75
3.3
63.76
35.12
8.69
29.54
26.55
48.1
35.53
96.16
4.19
59.1
11.3
91.51
31.99
82.28
13.29
38.53
71.3
16.4
10.89
56.62
7.25
36.1
19.7
70.2
83.89
42.57
87.52
79.81
83.88
51.91
70.67
70.6
16.1
62.36
54.25
91.16
25.6
17.36
14.52
2.98
87.95
85.62
20.51
38.44
72.65
27.6
69.69
9.99
49.2
89.66
6.6
4.99
68.18
68.25
26.96
54.2
71.47
53.27
55.16
30.33
24.88
39.81
15.66
84.89
64.99
8.59
26.5
59.85
72.67
52.95
34.83
44.25
91.41
71.17
92.2
74.9
78.0
48.69
50.1
53.29
84.23
51.7
76.13
24.2
40.56
53.3
62.4
91.74
38.74
37.9
10.47
88.89
28.28
18.36
65.17
54.2
10.3
15.92
63.45
79.87
30.51
53.37
27.7
2.56
53.16
80.99
93.36
37.66
91.88
25.56
64.66
10.47
3.33
68.87
19.23
65.1
22.57
9.92
57.74
15.47
47.68
34.9
34.77
23.89
5.7
25.95
57.36
33.2
73.85
29.35
25.58
28.58
86.4
18.67
73.24
6.73
31.75
68.51
75.39
93.92
52.26
10.15
71.8
80.25
77.35
50.73
89.8
16.98
27.45
1.39
71.35
59.0
43.96
24.99
12.68
53.1
36.25
64.9
18.31
56.29
21.22
60.52
34.56
30.2
37.21
67.13
38.74
91.34
5.63
23.8
82.6
88.3
63.5
62.22
46.14
35.88
44.56
19.93
18.1
13.65
26.6
29.3
81.37
83.54
36.55
72.66
25.7
8.48
90.96
11.53
50.19
92.8
15.8
66.34
0.73
1.39
58.55
49.66
27.4
31.13
69.43
18.79
12.86
59.35
84.34
16.37
14.76
76.21
84.54
15.68
66.25
74.55
99.8
4.92
3.19
90.0
54.47
16.39
80.29
28.87
56.73
88.11
12.11
93.56
84.2
55.86
91.75
4.83
41.25
26.57
88.32
9.46
66.11
6.65
67.48
75.15
13.36
74.57
35.42
24.33
51.64
22.91
84.3
91.47
33.11
49.36
43.6
34.49
98.6
32.32
86.28
36.25
70.84
55.43
79.35
60.73
46.7
61.1
12.11
11.48
28.4
42.4
89.27
56.17
3.79
70.14
41.82
14.92
89.86
59.4
39.63
68.36
57.73
59.11
38.6
34.13
53.12
88.6
69.44
51.19
36.41
0.53
93.46
48.71
89.35
22.6
86.35
29.5
92.29
82.63
74.59
39.25
41.83
93.63
26.44
25.29
12.28
26.6
62.8
57.99
94.79
77.3
31.88
35.27
79.31
41.16
63.96
88.9
6.1
58.65
26.68
13.43
64.42
48.57
10.18
67.96
38.23
95.38
49.63
12.41
51.59
60.54
10.23
34.32
60.17
38.49
74.5
0.45
61.18
37.53
55.77
64.62
75.1
57.72
69.33
94.87
61.3
45.0
93.81
71.82
45.63
13.97
83.3
28.53
66.81
77.48
55.42
39.55
2.38
10.28
58.75
48.17
24.23
78.2
70.32
95.35
73.3
86.31
69.3
45.72
14.1
81.75
31.94
66.31
58.53
4.81
1.36
44.81
91.19
0.72
95.34
80.92
92.47
67.16
56.69
4.42
23.47
0.2
71.43
21.71
43.23
92.4
52.23
12.97
11.8
33.64
44.82
86.43
3.21
88.56
34.88
94.62
72.33
26.39
57.51
49.67
24.94
54.87
48.5
34.24
47.28
75.74
62.23
41.8
53.19
77.71
32.29
34.3
78.32
56.39
47.17
22.7
14.41
43.67
8.9
64.0
64.75
75.31
94.92
36.63
62.49
68.23
81.4
91.69
56.58
57.5
31.6
13.49
10.75
15.7
28.98
82.3
93.1
3.5
7.41
18.87
15.22
81.3
79.92
67.83
78.6
26.9
24.87
64.57
39.8
58.37
59.23
58.9
25.14
15.9
64.27
30.22
35.6
84.38
42.7
36.6
85.84
1.51
42.46
71.44
62.3
13.79
5.7
42.27
79.9
50.85
88.83
27.66
54.49
90.86
57.16
48.29
18.93
53.73
28.3
73.83
45.76
90.5
88.55
37.74
38.89
23.85
36.19
37.42
69.15
53.67
6.15
23.7
22.75
17.94
15.67
89.5
4.3
46.33
47.34
58.46
15.49
76.13
84.52
11.63
26.57
38.62
4.4
88.11
3.34
39.62
88.25
51.33
74.77
33.53
6.68
38.98
68.69
7.46
32.62
75.87
9.23
20.32
40.99
0.92
4.0
36.87
14.9
24.66
58.6
30.81
84.6
10.36
50.52
98.76
43.96
72.96
65.93
87.7
83.2
83.69
48.36
31.2
86.62
12.5
54.54
66.41
99.94
58.24
49.75
32.38
95.7
57.84
71.24
97.96
90.78
61.9
33.91
40.76
16.39
57.18
53.1
18.2
69.87
30.86
74.0
3.44
52.6
2.38
13.97
51.68
38.8
41.9
49.94
83.16
79.78
9.39
24.3
15.83
33.59
90.54
45.38
96.3
59.37
82.46
84.99
81.2
55.73
13.4
78.87
72.93
30.82
27.57
4.5
19.69
51.98
92.22
3.74
38.76
99.87
69.7
2.14
9.3
94.38
56.88
67.95
58.99
1.94
48.85
54.7
91.86
60.32
98.12
98.5
0.0
28.1
21.1
23.63
12.11
51.51
49.37
42.27
40.89
20.65
44.52
77.78
63.9
81.72
67.3
91.92
70.18
14.67
2.47
69.48
17.46
52.29
38.95
79.21
67.37
66.85
41.84
74.2
78.74
82.89
54.72
60.2
20.31
72.34
6.92
79.81
72.22
2.75
13.57
0.14
10.53
80.63
6.12
30.27
16.11
92.88
83.82
4.54
38.16
16.93
65.13
14.75
77.99
49.83
95.97
79.24
45.7
68.49
24.21
15.71
88.55
98.43
89.62
47.4
37.99
90.29
46.6
94.85
3.73
19.28
29.38
36.92
87.5
67.2
40.77
22.49
20.53
80.11
88.48
68.91
46.67
85.28
51.59
7.2
19.56
42.81
91.48
17.19
29.18
65.18
28.74
81.87
13.14
73.94
10.18
75.2
10.32
91.58
28.5
48.1
50.42
26.33
79.85
10.48
51.3
83.8
82.1
18.67
47.71
31.29
16.21
86.72
91.78
88.34
19.97
48.83
80.53
97.72
80.4
97.84
70.15
31.1
97.68
62.64
7.55
52.42
30.78
10.14
2.12
79.35
15.89
69.47
67.7
44.65
64.42
70.27
25.76
75.23
15.77
37.94
65.95
4.6
8.94
79.44
52.29
63.93
93.63
97.38
98.72
22.79
7.43
38.4
95.16
47.56
22.3
39.21
66.21
87.4
71.67
97.57
42.14
55.27
51.12
37.99
78.47
27.65
97.85
65.21
74.64
33.68
87.44
81.65
59.93
20.11
63.72
28.32
93.84
52.86
77.26
99.16
55.99
46.11
27.54
67.35
33.73
24.9
20.18
17.77
61.24
50.4
90.88
40.28
2.97
7.85
64.37
42.98
40.71
3.28
39.46
10.14
2.3
70.92
20.71
41.71
13.66
10.33
84.32
71.9
5.9
73.88
7.1
66.34
81.6
13.91
65.63
66.73
48.9
80.31
40.47
24.4
1.5
5.39
52.15
38.91
3.89
56.99
95.83
46.81
11.18
23.17
10.83
23.91
27.96
27.16
56.35
55.28
55.68
19.7
60.6
99.89
53.89
57.67
65.25
1.88
15.78
73.97
58.9
33.7
13.2
72.84
42.79
20.65
73.66
67.4
84.2
47.82
7.82
76.23
81.38
48.41
81.76
7.26
64.54
43.44
95.99
43.99
85.8
21.52
34.64
5.8
13.39
70.38
79.26
97.27
0.51
78.1
30.9
69.96
5.8
45.88
41.62
82.8
49.86
84.13
88.76
66.46
17.81
2.73
15.17
66.69
3.65
15.7
4.91
48.79
17.54
83.52
30.1
68.79
66.0
82.12
19.28
15.97
56.6
41.27
74.19
17.8
20.7
35.2
2.22
23.25
74.76
31.39
59.37
91.99
40.89
11.85
82.47
43.19
98.87
99.12
30.6
99.34
85.82
18.56
19.96
4.87
47.38
75.61
93.69
32.93
9.17
82.13
20.84
57.67
15.2
83.61
84.64
11.67
68.17
46.6
72.89
12.47
99.34
91.2
15.64
66.1
55.26
2.72
15.2
33.9
53.73
66.36
73.83
59.15
47.85
41.82
18.17
72.42
24.9
21.9
35.5
94.95
35.78
27.26
46.7
68.99
10.9
82.2
80.52
49.13
54.67
10.41
75.89
87.65
53.69
77.72
60.65
10.47
69.68
75.68
53.4
59.12
38.57
76.68
68.9
72.95
26.69
80.36
83.89
40.94
79.92
55.31
97.8
16.76
54.68
97.69
90.31
74.63
83.49
24.89
44.97
62.91
42.2
40.99
1.35
8.85
14.7
93.59
17.3
62.0
46.78
67.92
29.5
37.58
41.1
13.62
32.81
16.41
4.95
28.55
64.14
70.96
89.3
66.77
44.6
35.5
83.65
6.73
22.36
17.43
83.47
76.85
52.38
84.55
21.41
99.67
81.62
34.75
49.55
46.85
96.75
99.58
24.95
84.42
21.6
76.46
44.29
21.29
10.21
61.38
77.84
43.73
67.83
7.85
26.41
15.98
82.81
69.16
33.95
84.13
48.9
95.52
8.1
76.76
38.88
88.55
0.52
16.68
16.87
28.53
78.31
17.81
53.55
58.82
73.88
49.57
80.11
17.62
22.46
9.49
62.14
48.94
13.9
32.42
32.44
94.42
4.68
3.67
46.1
17.84
70.26
20.54
18.54
50.78
38.45
73.4
3.17
42.73
93.0
75.69
4.43
46.1
73.84
90.15
72.85
7.65
47.5
60.84
25.68
41.1
95.91
40.11
85.46
99.46
84.34
85.17
6.96
62.91
71.12
79.3
70.61
68.77
88.9
26.7
74.54
52.36
41.42
91.61
15.57
93.7
76.24
12.39
51.61
34.35
81.7
93.33
34.18
72.63
37.69
92.92
1.85
27.19
95.52
7.89
74.17
26.62
14.1
62.0
40.1
99.24
11.8
80.68
13.31
97.43
68.74
99.72
26.11
34.3
43.14
79.77
74.35
55.7
42.6
50.66
31.24
31.47
20.83
85.13
67.91
75.68
70.98
94.35
16.1
90.44
73.7
82.64
63.22
81.76
32.64
54.27
86.8
71.94
42.64
89.74
6.14
94.62
90.22
56.2
16.8
64.9
51.69
55.7
14.23
69.94
18.1
53.3
67.42
0.42
63.6
16.4
82.11
15.39
95.73
6.39
3.91
55.44
94.34
72.8
65.29
62.43
85.36
42.28
52.45
80.64
22.3
24.87
65.73
79.6
22.25
91.27
51.89
60.19
73.89
41.12
62.35
0.69
38.59
42.53
5.7
73.73
18.62
36.76
8.5
30.17
58.58
10.53
82.27
59.88
29.0
61.31
69.16
95.32
26.67
93.92
15.44
33.7
14.69
64.88
19.7
28.45
16.35
45.9
27.93
2.78
92.93
14.67
2.2
65.85
62.36
28.11
82.21
30.14
13.24
83.59
12.31
95.1
77.61
96.7
60.21
81.2
93.79
19.39
36.6
18.9
27.68
57.93
39.24
40.55
16.48
40.87
96.8
25.44
34.4
78.74
54.55
14.7
76.32
31.79
15.63
81.65
60.6
22.18
15.2
58.72
0.7
58.84
58.95
45.87
28.29
50.62
55.24
99.44
60.62
33.36
60.7
71.9
4.51
29.35
49.73
55.14
26.0
64.35
88.5
91.3
38.26
2.15
82.41
73.2
13.38
42.7
79.39
46.87
7.84
64.46
86.14
7.25
87.4
29.28
7.6
40.1
65.92
22.27
76.64
10.87
80.4
11.93
57.33
88.75
21.17
24.66
93.8
90.9
2.98
97.54
64.1
72.2
51.25
83.73
29.64
12.79
13.61
94.45
57.42
89.28
77.4
8.38
56.82
41.64
38.4
66.63
79.6
4.29
36.16
57.4
17.9
61.3
27.77
8.6
58.13
0.33
41.12
99.17
32.35
61.64
57.96
56.7
8.9
76.61
37.23
89.92
80.16
53.14
33.46
17.58
72.13
22.91
43.73
47.75
88.51
40.64
54.83
21.12
5.7
92.9
91.95
3.9
92.68
17.81
52.11
53.52
30.56
73.77
84.51
53.22
81.64
80.21
59.94
94.35
29.68
57.16
82.74
31.54
24.47
35.0
57.92
10.88
26.56
39.41
79.51
17.27
70.72
73.3
21.49
98.3
35.53
72.86
76.95
96.77
27.88
55.4
4.5
62.83
70.42
25.6
51.5
85.12
83.19
43.43
24.56
96.29
55.85
54.17
67.67
64.85
16.2
34.52
40.49
0.56
55.91
85.36
69.8
93.3
19.81
71.17
99.4
58.6
26.22
7.28
75.3
5.46
60.85
36.34
2.36
78.81
83.39
41.18
24.58
28.7
80.0
54.37
81.58
87.87
83.36
76.35
26.97
29.81
28.62
5.0
86.55
67.84
4.95
4.75
17.48
57.36
40.43
50.98
97.15
25.76
58.39
69.47
37.12
29.85
65.25
99.7
35.1
20.43
93.86
49.62
20.84
42.89
7.39
56.79
72.53
12.49
5.25
13.47
41.5
71.7
54.89
82.71
30.83
35.44
55.5
53.53
73.93
29.34
64.72
0.37
7.95
77.4
3.66
75.38
59.12
49.41
13.52
10.48
85.59
76.15
15.2
93.32
68.24
19.43
39.42
44.64
71.94
63.59
94.1
44.15
14.55
4.42
28.47
10.66
73.7
42.27
4.14
7.46
8.69
48.15
5.78
27.7
45.18
36.24
49.23
42.13
72.83
12.86
69.17
88.88
62.1
36.6
60.62
59.49
4.17
60.73
14.71
82.63
65.81
16.45
73.95
11.9
19.1
29.92
62.52
13.92
80.9
87.55
2.44
51.55
42.56
1.9
87.68
48.13
53.56
18.15
31.5
80.42
18.3
24.57
98.51
7.68
35.13
63.25
50.45
50.53
45.13
11.84
51.28
17.39
5.85
83.82
66.39
81.24
43.11
77.33
33.2
93.67
54.5
8.98
69.17
55.95
27.42
57.29
83.57
95.73
75.9
58.44
24.36
97.6
23.58
64.87
82.81
93.53
53.45
37.43
42.7
11.2
66.84
26.88
10.57
88.19
92.1
47.83
32.28
43.29
51.93
11.43
61.6
46.78
89.92
36.77
46.35
97.69
79.93
20.53
20.2
83.63
51.4
72.1
34.61
73.48
21.7
45.65
30.71
22.92
82.65
11.89
82.26
84.2
51.34
91.52
75.81
91.25
74.49
11.57
32.97
88.53
15.86
65.16
21.93
47.69
33.3
96.92
59.36
43.85
34.3
70.22
2.15
27.97
5.45
56.54
55.63
30.42
4.68
58.22
86.54
73.5
97.69
74.14
77.3
33.92
55.44
9.48
73.81
58.89
22.58
56.85
93.46
79.6
68.22
62.74
97.3
98.64
72.43
9.56
90.84
85.29
50.85
23.27
87.18
36.23
30.17
21.24
57.77
39.3
64.38
72.85
86.83
73.72
37.75
16.65
68.85
33.42
72.33
23.19
7.22
89.23
99.47
37.88
27.78
55.34
57.19
66.6
13.66
87.29
61.38
30.47
62.7
84.19
96.67
11.1
97.5
83.56
46.85
19.36
2.85
4.9
87.11
10.16
89.75
47.29
61.1
25.71
44.83
70.9
24.42
18.7
77.68
88.56
22.54
93.73
62.6
55.96
98.83
44.7
20.37
29.83
96.52
59.33
7.47
15.96
28.6
56.28
11.55
51.1
82.32
94.65
57.96
19.94
45.73
48.14
81.37
1.9
80.46
91.56
50.81
94.24
49.77
66.84
24.2
29.12
60.7
2.41
20.17
66.36
28.76
22.29
70.88
77.8
93.21
90.85
48.11
88.24
14.96
81.0
91.28
47.1
16.26
68.86
48.31
11.81
1.33
36.22
72.63
80.25
4.48
22.5
84.5
2.5
42.39
68.23
