55327518238
17762008907
18370751945
71188360786
24082660376
86894193018
40413520248
63743780206
42829302682
60936653219
73529423791
70584342016
05704110202
50265639212
87647621446
42892715645
72777148035
95735909963
91909991187
46330164077
85119948736
50108319667
69249162629
69187795219
11806887065
90082478358
13336387305
83762265655
54525539591
54283450468
92674639855
47757671246
75688986875
05393415845
05599758087
99622206207
21376597275
15616790861
79182044575
62839368059
15516007516
70123365813
99430386150
49596260898
45699997548
14442895642
06899041687
16827556786
21430236747
69900694586
30696586820
12490484661
80373601844
97905476523
99323669583
36121064090
36528329215
60859440472
78001679790
63960715168
90512259314
90758880006
81380978849
37050383249
62474479277
33400544461
33058292968
32728030354
39592438570
13747925711
82403834435
07683637344
16485138344
97755768280
79610242874
80110695543
75942926267
47675196769
44796715637
60718017094
89515973517
13337787452
19624018664
74717084220
07714064773
49464128635
45031811215
38292355543
87485118623
23013073586
57887466575
85719020640
26942780193
19239485982
27116470635
74911690952
75282278849
18661694732
33149071965
03146661466
81187901423
81579073152
60629676480
79876048324
42791476463
50927842137
10280054852
29812623688
98566450549
38624739887
53982899128
82658234536
16713516569
07878924530
09999354721
71310071176
86144339699
71411374968
86745126553
96415478599
57877780388
96829535790
49154534949
96808257463
02260556379
26878645917
40273053264
77606115318
39365087646
41903718048
59432174604
75836453072
73918494322
27792386782
00414081675
49745601348
04069776833
79094677015
20814241460
80818100042
78570848073
10092540214
79513699193
34442356064
57775387298
44923284688
46138714811
15303329333
52689597218
41252175448
29372958424
05444793988
14093640373
39202340680
35977635823
34557636847
39266310471
07204756350
78578336323
33077180222
01525714977
82855737429
99789138813
28066029235
88185409754
97521897717
78914135602
31091242455
08075306089
46992463855
82924751138
98803002476
95541184486
82189751648
51200377087
53037213033
26951451024
86075250796
50721563120
75445810223
82986934864
87744802359
06732634506
19582474071
94141345224
61599118088
00378736373
32670307269
16146559631
35036698985
16702576925
94524482412
22925497020
43854811021
12866186825
60340814638
44754014800
15348705429
39766249506
38977142809
63387423771
04736625048
98029379003
87334375273
88707077179
86134385977
85962559520
14405559409
59627301268
53383884776
90617890211
18898278212
29420298025
85545231830
26495235023
25465985351
81286503469
48978266448
26027831541
57531866034
27275404216
97227827346
08171374707
99541599223
07190889425
13059487017
04914125437
11233836559
07529894059
48474262166
13118014820
59768472106
16154376804
09729296580
59720383058
01282714390
53826606645
62722814687
08550145358
69253013871
74360313136
73302597716
76139443121
53491788487
55929719484
95139993784
49252482625
03063025431
71130973324
55483389563
75276666373
15604498131
77426981764
45692722044
65674519281
75848948119
94529854602
82498373940
48362056075
47468666862
68257922769
11546160477
07455063955
03239103682
92542194861
01787824330
48686369848
51947849343
46363999919
22191845540
00465896769
00474120368
62935361297
86098499511
62548276055
57891774761
74812194110
89241866813
49245858724
49314516241
11563946182
50611414039
15255214789
12007879282
81490014484
61404701699
37415099779
51946180693
60104414787
99158007502
70645102318
14090931655
18256716952
98643962134
28673641634
62443823445
86307606754
36714943180
47055774304
28447264704
24208440841
77991049152
30310788717
68227405849
51296473073
16969993659
76024078544
31428527379
27777199209
68261745818
03300099141
54378971256
46586067467
96540726271
11577635898
92860673012
05153604855
66067413273
98590550308
66997081396
39676507370
30431345768
19756038539
91867274572
12531651655
55765455651
32712829342
62375342903
98989221605
89903788737
33448330833
13571115832
51945982022
31151388690
41014191728
13473678242
82818009909
48745418894
28687361751
35872710862
87557549033
08352235359
00226907909
89127230083
64057498893
75593419755
56539169146
81580207745
54038062919
18793625005
15462995882
26677332049
27358469279
43811098402
37408283481
86696208261
34308972072
84643091863
15294352711
18993531970
03573768509
92661033197
23512533876
22468716543
49037607005
29343698650
92405415621
16393404785
62640216068
65458848356
69850127078
31455820888
82603680156
89181004717
39987321771
41924877245
36492238533
50704100042
19601108768
16382014215
68718155873
67889393620
62044946099
99647290080
23303779413
09725977750
90609590067
42228258751
75938314303
67465816432
44143060749
82887570170
05071343494
46537438604
12272282867
85779780602
01109722940
33367965604
80049366560
38298037845
74167147106
97616468096
14598100586
14220122383
93126911010
58996608135
12827314524
22298716592
58962830291
60866607427
33180783670
39938401159
19546421191
59166665306
44906464922
54213340579
39557290230
45836926022
78426947548
73594726923
54083572141
32901613930
37630204262
34617434391
10484248750
59485806602
68759626596
74916516490
03516861940
19873422518
38013983078
15960909043
17884614457
26371519782
79658122339
23771973102
35407717182
87367441941
46226507622
88480810969
30502930648
20007141981
76733464451
34523897704
13839344293
01766277235
84450289190
03098478164
54867358400
06787486381
76086576571
35508947040
55964729914
74226036461
09318661584
04082102077
02438878927
61948022995
07995416053
23487928046
98839949923
31858150121
81138846397
69162639493
78420730829
99257318420
29555092485
54901789737
10794724078
90006389292
79281389722
29113538336
22957778497
30602715995
17309771463
99168070985
87580229127
72153185215
39086014127
00682314522
23323978204
01096643118
34171854238
07229846261
85919668510
08320601937
79652315393
56104875538
75425262446
20003517593
20814198979
07962016381
82986617294
00139339737
91593713972
75992334698
14702260147
58601840969
42885850184
85153445015
55379205139
49791369690
61846778803
04584575038
53381413478
17252143664
05013994995
81691804199
17897619657
45924541822
51461911424
95103671551
15943343514
11545021172
44167621285
25455875002
95533551289
99198556247
43955843042
71179865456
85981348873
95734521159
29395099792
96096712233
31498689402
72432777324
70456860922
58668698977
90009495272
31178502995
10961313655
80960594318
67508594845
63201458714
09162662397
71225998841
52729995830
39135647844
06572012605
20040757624
89700173544
19513363526
72747999197
31476271799
58546749453
89361553149
13759317691
96254467515
31137375942
16745071271
28759103785
91891671787
24853627042
06578863755
96394720397
46767430879
43755322180
44636911875
49895710136
55286607859
85117166187
68326392947
26559282433
72542810893
99110953479
96769207731
07672929286
98894610731
91662146861
04715151340
14770989837
95227115485
58901064913
86537229021
45700550889
80359063801
97295140939
98304637863
51780066895
77362562375
99735539719
03956890851
52956446071
23399688135
95255441158
71483627869
75664494535
43959218902
88947153761
70391962799
05860535059
52024498104
58118277466
39975522321
70962678815
62240481801
28199898881
56473195562
56759081126
32345867575
67149796187
78607026362
21569466328
63458433592
46511737532
54758140097
36724685991
57237640214
28133266292
13871801708
05515095054
33652663724
22281991858
22258420631
05103824290
57238248007
93017481623
79732797697
68138061742
00269909959
58573238493
81449845596
69322963222
31293081037
72714979632
52144120049
10352799696
77151572102
52798253165
23516487163
40079186975
20631745639
54714968693
03587399347
20489102212
89590528504
99042635551
75686699904
27133323403
07149142662
18541212751
69836243684
96507654108
44662573961
37908196462
84239854998
08605141762
64869637154
59877133191
67737751731
75754184278
85203491235
02043797780
13653217185
36781594342
86581829331
54201719210
57514560348
75781812570
99914516514
15151353299
78612934818
17821799967
58562816002
53422858096
21415975535
82644880833
01085891738
12563174525
02040961130
31360079512
67651907201
15199345592
59362517923
14025125700
46486580576
36584571547
08813947809
98888186825
59545761949
60567765059
17844737195
66508915679
32968880016
24801105431
20350638657
81166430533
09073539974
23513366098
09245732272
08015385512
77837585448
05389480182
78171236087
06187349168
94627540135
52605129621
63502077617
29335779137
37619423927
99514165837
60214729721
88910158626
05145200109
53223246112
43840422378
21734744727
23901570274
29619688734
01081950824
64215469716
71240116283
43347738017
78404035171
08536964480
06023896317
65284135280
14575990124
47843114377
43743644276
74718826457
24901926522
70438168798
21938646026
09204954532
42637089380
70571124189
57706201999
49913887058
10085252522
18905876609
19713066467
45030320098
12977959202
57837799139
93087692895
07844192836
17163288037
36532473488
31364889452
21528849811
10156634902
98190062210
49762230074
51507818645
35245029471
07123295696
71913699864
32510597286
75409296507
00723927495
83016780109
28796761643
78240717788
65376899599
60257603546
62262180802
18057444858
52967025870
33884778395
57267447979
49253316909
13341263011
20303781316
91983249420
58653591121
62684419247
08142634880
02195985575
71043889471
16990417705
25360065383
93281311134
24664251960
21717378425
67681928217
51669403245
15204576238
53974885641
51009881237
10675760564
96315758584
08495219827
10958333295
39960789336
07769538488
72234755711
80403970822
47769104667
42937260892
10591900227
82292851517
20387255527
94792265940
55274425916
20156058733
38196934972
76946628989
32175185100
17316252945
93988123716
14735896662
21454917840
56030805804
91484900208
51515883685
81908223715
91599932311
47878789656
97264441031
83929616463
92345209128
30791155615
09160123225
29361921702
08005522471
72621052999
49709236714
39869298624
06913687166
86318519096
60933763935
66705467190
88414135139
12294953507
65780008357
90346322809
85353819710
77396787082
01402907849
38217588701
23506727499
27507547060
28538434558
14865125024
22551353167
07721289091
60078748492
10511639251
04062534542
93789557101
46840595954
79613358025
44185825283
92985639086
95247722661
50841334096
35081177061
99919644137
81680630714
89396731679
95691164099
45900834836
54137443439
47558628323
34419978532
01629274585
85247976165
43380946303
57945112411
15931949863
87047569672
01258334460
14461129331
71099478654
57470118061
40868662764
60560227695
49148194950
94495688400
11657131947
42956997662
94044085380
84416486791
61952192600
43312271066
09922373853
50710376677
58255695622
86512601680
82842839305
63382643603
84310942585
97719718520
25994912517
60886468399
02096877513
35923628882
34715370806
02044088825
34009275077
61891666059
91009376272
48886907622
98907633948
32823122591
60364975078
31980918042
69352762642
10577845696
62592042931
55163309297
02354166646
01519950312
01036825757
64188244204
04031547988
27150091167
01417926331
97104232719
48875621104
78269707757
65201928171
42917719081
42019450645
47975808262
63923973265
88423193534
80845123093
95133056747
37564922255
31694690025
39855408685
52053014434
86969695828
24648033168
11677589856
89778407096
44278294066
17160037241
19440643440
06886169862
14358659881
87692450928
22378663042
84308592461
85796880928
07343677484
68063190800
02170956759
24946141087
78989997269
98527557992
92457577998
98913004354
88763508054
09376235773
08084694541
06485632669
51667852382
01332844243
72846884317
78256118773
11116192751
03683341258
10610571312
78605488229
53142641372
17713599704
77288463474
08783040795
74450913523
04706003846
68901008792
89665396753
00754322106
00004674915
75314392912
38476185989
41278846572
24057798669
68697305144
75584899513
29221576604
99132451109
39187239723
87003484151
16702004485
98857591788
76456271131
52474164155
32206846870
58127770555
22227687516
25401478140
22369193032
71589558026
63241703557
20718683851
54972840831
54770987834
85344936886
11790339900
74803543082
86245541633
70205084223
07222108109
88477351951
00114200272
12513221123
73546666119
11931080329
18759706274
10660539923
52182088598
79569121905
60313603583
97893639347
46102005160
64339952473
93976371880
85552749585
77613162585
58452553303
19321866303
68487450543
93545265299
76566724915
20287004069
44747875185
89746818357
62450493093
90293375394
37011432964
66529436200
43224041107
21920283930
03460775109
06273444501
31951804970
11292857611
91095603970
47772815833
53516863561
87534993485
11980332846
43593875467
27692237896
89640134567
03674911172
14117187724
21086939308
67432204006
23846570679
06689350648
24192108507
87505008402
85843984553
04266510977
74810834200
18264951238
71363670142
86550209553
37602177323
31573373096
00387932131
99377891994
70199107696
67267068452
57024527643
03171945582
86228665311
05922164641
24921459924
04762659552
48695815705
05969607652
42252142498
30545288607
91617949120
44573162998
92795344913
78569275785
02870506346
65981863866
99450161922
76374776511
17825086274
04050842139
21734246736
64167325374
01795328863
39683242531
02011857448
82070943675
25639775069
47970145156
20134810807
09507633276
39076613347
70223342135
91531888541
20828898297
17699293726
88722224014
38874805772
74266356623
52323543041
20961545414
19628643574
27639625814
50032176430
46629344238
61819114283
40084728170
21987928256
96941836778
95993264530
77662232991
13652169539
72402910136
00692242038
36592495220
28531142987
82539858278
45412050863
30260931689
77996104419
07681440001
49491819592
31656841345
98167940021
78294733678
98917106353
32569524722
43306916426
60539162706
07031321742
79257721629
82140288878
70245578086
13975858878
78064711271
17300415487
75937280033
02349030274
75755228085
26836115884
33671362422
56962161080
84319135741
87579816255
78972130162
82853783443
58291029083
73218555591
84286828405
63701929115
12860144003
61062695927
18419189640
45961747261
38933093435
31651587662
16184102647
65023028182
79434678407
39298128115
54632021767
25340613056
78378954895
41643630408
38482649115
89343491043
29621731713
26822095732
25641219064
60348545735
29500259732
07048888900
47501949522
52926308746
39062622958
88083554393
02847774784
47822198238
89235644671
65457208052
55067613412
79912348006
10648357408
92667164841
49076059949
39927226170
19530744392
65065718461
60712279476
96077904748
54852859500
18773058162
26493174035
31719731547
74717169229
56903031442
42150687269
89246077766
55173966028
85620796895
40648862287
95518851043
80909961224
99600737898
97169969903
12309993048
12980367448
42807186764
90798443661
44340404905
18662837548
06404987250
61443810931
86873759282
06094246167
69406322710
47859331885
59175108805
06115942264
36914436788
50318161814
59412836701
25862083719
10848718063
55118920973
03092171141
35273132196
04491641052
73585013394
03834470028
70487107116
58727712030
65614081184
00835422148
33406606276
54152058583
49892427078
11699089246
23659685494
68030846860
32877321293
74118757563
41127317477
59312241090
65233765709
12686695375
36142439898
02493551190
76030886520
54107379412
98065040079
38405416294
15264603808
42808788875
10573149532
02582394116
83026925382
14828300191
46417022838
40550564254
04847699924
59822834439
03083792841
25661062169
51299848715
88912873715
98939526189
80283231350
97518064646
88205611416
89244843446
83441136026
98463483878
27292308518
29689726009
79318524981
56337903154
91935864256
75969382162
13459075731
82515572254
12726771391
24182841166
25786276833
54674106561
27357957996
46888525595
83651405613
56151438038
66906598555
46994152476
29936930421
46021016349
35949197565
90806251183
36103660921
79277894200
04448316352
43771233838
73497502606
84730203402
62291881720
53810958325
43392806011
77341146567
03559615795
52320300102
11934716054
90339283303
73296228539
87302000247
47270885892
42845065755
56873338969
95918919018
72179379490
28812352513
13768588921
70781192475
38324074110
29474093087
28968487761
61564707135
10522847760
43190142683
57987550377
13847135629
97355579931
03218866332
70532976705
48957963029
75398206769
20904555812
01560787121
83521597038
05891039522
29012722667
13823448855
49579200578
88213312970
64428029903
90602053582
39035565648
60771355617
93241073171
98408241644
94078934123
75489532441
76459802773
65734313413
42808802324
78453197221
70363628037
39306113771
28215172364
55028981543
72573512963
23254751971
71059161307
87556684716
17949187662
70478109407
89575643934
83537289058
79433300789
18715860738
30739881150
67965560623
02495091473
85347549534
10051633519
50309378734
81399273952
95154082756
63718264239
64287651362
88852991478
73903070332
48706554345
20277097338
36210804238
42596917250
10205225528
74068728738
80754260565
03797822958
52896517797
29373403104
14639656009
33744949479
34404669785
01221709237
83909071079
78149450481
83681684929
22259247502
26317036214
16858547153
65079145098
79472040483
98679525014
49065675631
45258645905
96851525011
28214896617
42657410123
26398879845
78057897979
86353436448
80863531659
46707230500
50441293168
10790336393
23164588272
94621545387
84340299030
45851532491
08486559129
66962174604
82840465949
51306147108
64342871079
62476137625
18115555612
44040196732
60892991485
06112668580
80148503331
43173856634
29156985634
18623816044
88152858448
88836944443
04274397499
86583428280
13566965482
37187681383
91721217565
51432509918
98586486526
75070776462
31106978961
67700089798
83918465128
86393923438
68242419543
46155914486
59571085954
14622126576
08635099516
08343927357
08064308536
03975036839
11977975144
33208684073
90086820245
52193826670
76656673397
93665091545
10515092432
60036295105
89619891251
22318158856
94774718801
95093118389
09844892876
62607139874
70937681252
40651644703
58836577201
36554505164
52820640234
07819708659
19261944358
85376621216
14376871094
92417003451
65405178724
05036735185
67462423490
56237508613
29748402007
38108278658
05857067862
95150090607
49647959770
49372492868
22238475722
52989365456
13345250564
22102761879
43988383203
65885592862
75633260947
92944516756
18206540538
62721055711
24799088504
30088441979
35635688176
42629486021
76359799819
20330725912
46176647406
25748687498
41428040617
54512579405
37518684155
89483062677
55561415255
58033691083
44241591270
67237488121
85016106348
33799670078
51458424135
39233428348
94689381548
40778715029
07158894480
86766383729
15196754854
26559029880
32066861593
11855089472
91606317937
90677917170
18565540761
72119154617
72316134716
17113647190
64379204194
20946688509
77388784634
16531156573
13333226961
99070206837
98041269102
47320409325
61372941616
09147854127
04325889681
01779228582
39028560493
80663625217
71738475600
16499034242
29417832461
38924518167
95214688934
48413750001
26059837534
19349517903
73025363498
79291426642
24270908613
79282844116
27625525018
93477524079
48888982417
51282313594
36562373507
83474415669
86401381636
55254802356
95805760045
75337160589
56648658963
04214559572
70311965495
34305299509
90332202588
39182626286
01568776889
20971884111
04446213617
22331175761
39027283034
54661665783
86588147508
28325901989
32090481904
48236779668
18488929579
71526984884
62152412084
58706022895
24345655894
44521605117
76477579462
24370343943
69906373051
45846782611
92372487382
82478457338
52877476932
19777537669
54996273282
66102406717
96735832030
93778929250
40436630125
71949831286
37532771605
87647011311
01381351441
08025056270
54768937110
34419504844
12330876802
71476656068
32289609703
53745458124
70192298981
38413990064
17073782024
80273175668
12228070909
48016514065
05044414049
94578851469
06677252775
12935472820
65505938749
22719560826
67383104872
76399150250
21942486989
66681758789
28944117185
23770494580
18148856356
70239560754
32375096015
12174262516
25929207176
01910906097
49727563188
91995812349
34937863788
82095589894
52397858564
27356716533
96104443439
98333147651
29040569494
71712920921
75352696436
86510583897
48363491350
97143037514
54647629364
95167915207
90464954107
47582210589
27158323340
64082530002
87631430748
41619044524
20731382515
09270468906
73641623081
25464311161
62941173408
10472199027
05583079931
94801618345
58248675949
85409468799
37199470777
10751179155
86108772428
17015962606
54798043268
83080065948
37791443733
89977358906
51773601522
80336808449
53034922655
60055544512
92924256884
01133592199
57578023209
24650803482
66289043241
69282428793
36404647460
47096222734
86998834845
39388525306
51631727949
39861985967
28905142663
51472673786
97966797100
90289900868
20709379233
92933147763
29121098995
27768364122
37483847652
79314477493
33461467356
65233351627
66822611584
10056010834
86586164189
52571794425
72650005819
89661693179
73451121384
11316918246
11883907552
80348111853
45527292175
23315895557
66255190449
66540168055
97493148141
35759104618
88829871892
79739352363
19217346227
25682622029
07481086374
66429307998
72710405779
63653277000
40923104624
98600954846
55082773640
92574720709
48318752428
36926944000
19526342819
44582654813
37050035649
83345769542
32880615871
12590029428
86240398172
91632354227
27896006030
90394243888
62261516881
63671034790
91293245695
51195023145
82936384526
67667698186
74762511255
93747442596
45937447882
81520013558
19720623389
76031681203
09415718156
77838688491
57724633887
42207770212
95295503535
71968308751
82196482508
79666826357
59514200848
55933931592
64428788633
16079841362
07638178523
80434382655
93453383971
20133162927
35042406882
63053056497
85698324108
40980402782
62278450507
01444765922
71155787007
55477075920
54883798047
17073254888
53084979689
67662190525
50654190522
70134755801
93013650031
74206343929
79119898765
56561389540
24668906436
91031296951
11617984929
08170374013
23301824182
37238353844
15495097652
61408378529
21994086942
20114272500
51152906376
98646788272
28471543506
80050990629
47532169057
62776482343
08737218264
76982049451
19397587707
88275472631
96318254790
33186027890
50320771651
18736578425
79291713813
17347108964
71879470639
15130428298
08397968049
52212518375
78531554020
64316876929
23287068456
08840437916
82039799735
91532119778
99400950374
51416682615
46767280162
50647572617
25542231916
45332532454
19381916893
48797525263
29735163106
83205704819
32195987742
91443800398
13304570503
22957719722
40770645266
85342891843
67968254892
76054221889
44113727671
27449984233
12464382423
04290120643
60151112138
16005551185
21083617885
28984527531
23832755446
08593322741
48989849521
78707608201
09897567206
60316935985
25105194260
59081301231
55413827279
27415209152
68665217566
21654917689
07525556524
45866872663
41676641923
64690877895
43512847409
10862353176
13384495531
63550830310
91023257616
82983087234
10526522906
60346650617
99450640547
77824182729
10065370365
26199152250
90692037162
84339219386
12972060890
85762498152
75436395394
23209880788
22716371986
59219412492
06795639174
51724517532
91616655241
72787769957
74183569554
36874295375
80128080913
64296889351
46756543655
27550408111
56374623529
00858811773
52484578313
21412438719
10520843449
37145797248
43286399946
18200573917
03038107618
12415210015
40907455478
66134602101
46594916365
55679882367
64017040673
11054657347
28647273826
50182799956
43624328825
36253252419
53653327305
33127650558
63249302601
34265757463
90760992362
45521836973
95253597561
11616398479
20126907876
27235052225
37743136196
01916375045
61470690712
50204415465
33012626548
33389951834
08156778300
44169790572
20961402707
34467230556
02975865963
42170425087
75952336024
25091605098
75613064043
83363435224
30960590997
34694663343
41042677056
26071151004
07756771071
93288142813
69070376463
15011869583
10237338894
17982598545
32691702880
05464627692
19735336439
85517676513
38854682498
86303691839
46098940330
06493544936
91560199135
64562283144
34575958047
24339366655
89504305714
45148333202
32436654106
72961056481
19671139358
79661494551
43667038981
01316686236
33103910952
35344362322
56277752096
35269538486
86588164968
10987568407
10930745381
38103149273
35383653751
50987804672
01769205103
23092459387
75830119815
19754768836
36053557238
19568598721
20216059174
86695999603
01100778866
40732488194
92906526934
86551327861
86204537081
71871165082
62368891287
38427370508
47240345886
52222620663
38180209412
66783642262
69481880329
15177368564
65106951334
88425138980
57208336779
60677128217
01235618888
29057398937
93675315245
80392746760
81182119184
84008552223
20914254454
16832566610
96989813002
05415208712
66273948830
32577188905
28929555721
87732054644
25636233295
11884579593
16896872128
35935703351
52860959830
07908354830
42641094968
85821266628
54367928594
74370312164
00445729496
65995015224
62416250418
42078823725
89163617922
57817413427
55131315758
45300616613
03809060024
28935613225
65168330772
59442356931
83653513239
99085389948
38045390884
24063935021
81569461733
41338067263
51695224285
60140101304
85582045043
09482745714
50736193185
54576436063
00421065666
62909764336
55278505335
67655219656
49030366512
80431982049
11080905130
00278128550
38877833198
96586113491
37234372926
78721054484
79467727742
35619354306
17783708089
70356247030
16989259773
97538159243
01193147275
36382684621
37956763478
71818783012
10315090523
86061668831
70839946570
34235785805
25890338494
98972006217
21259334903
84779815610
47779828665
52711756708
99431504047
46324385500
64618239635
55984321759
08028115479
13642454090
46984038971
68576859039
56973912393
33893117323
67489826515
58459026493
22365886089
03227421223
40884188871
05825661247
87780927939
49716222421
90303912013
93610620961
98500782886
18249232678
21013993166
26558172057
45252436269
37175644380
00482523711
50936400575
43594328548
72186760990
41113911623
21830296192
33979715450
80745077636
20692262724
02945997462
81593912252
03897728102
78436143194
87552403427
30952849071
16881442916
87682327685
71130581775
53467959331
47571845504
08339936139
40001215813
15552592552
84206869454
77977797535
62813118406
77987281672
05225457429
94034385494
53242848861
95945294521
09588514836
63859835312
48198185499
84045188412
08118304592
04364551815
84229156733
59890767193
26083028448
14303170510
06382439105
76428852515
55053053263
67779413061
58417691842
78865417122
86060586211
14549725116
18445303685
82156515189
37597838428
55767959944
14177545358
28498480730
16959530324
43334356357
59041831069
87062835834
46649877922
99338954710
74103879851
44323035390
97241655626
07246648995
25093083273
91019154910
78820274841
76771545810
51467486737
03738611853
03648406069
27697332244
54939136518
02425963280
88670477113
65157117582
61256007611
95097931484
76314720675
92584619161
89969677392
88179236051
45643467787
25811893868
67716733618
51578651339
31433299332
96863704833
92002716723
21656648558
16649999426
56656240677
92860401589
95730589575
70660038939
24217732141
24847975090
36651218828
44950979810
33588670039
24316319956
10804421753
81521478767
98452297417
71977517848
48701976470
87227069899
39227014162
63753614679
36509397044
19353604339
43467982603
06989159464
83562731224
04221331992
36694742250
22608596756
93604571776
90625471187
59501252922
85165875178
57090399581
29330940679
79315577199
73083640888
47912769039
24218152172
05109706443
90375604469
75623897300
35778588122
24353821378
99738250484
53193698688
11496117405
41667425680
73482218773
86673416397
59719971928
21936601010
81993009169
58344084813
33222816001
50484076853
48707117982
31836155811
87621367087
44268613607
62843076884
27267054888
29379289772
93909775740
40064557425
14321511892
43872320092
03043056185
00499204684
13951157173
91529400214
00447437334
92708426222
69637202467
28905882766
67431693491
18350734826
56870313766
42349679522
32328483642
96384383309
56294816091
00352242892
70859992254
32972052072
41913863006
89404222659
22816229474
78323066396
98807457545
07395040025
82907152638
95737495167
45079232125
78412211246
61372803216
97189562807
30449781471
76833735835
98443007816
28741949897
29701511380
49983037367
06182451586
45440174825
41032829864
47613599030
26766844836
01814431361
48036232230
86162567349
07572677161
99497414069
02402582808
64159915629
26772150167
80530925922
16950978185
41429758464
93751685718
43827501380
07068879290
21729539898
12675402680
85427605803
85332563379
49934157151
90815679869
35349842462
76683019245
49027587359
51065523083
35373339190
38517885129
62802281554
72679018768
15079491586
14353879146
06098845485
94583918810
79145385768
66055540364
16734423968
16446664837
41905939545
90076656544
51750538402
05031344740
39159212921
05877712609
74363334781
87304636223
99084449455
56638484301
32311293625
60152245753
02560540604
72670110792
93677719841
49510868867
76891288224
28177150739
77195578271
34490702162
25135562624
20647575712
90717846610
96234893820
55467528535
08643120285
57798093537
48339230137
32693224979
46443578553
51631016767
58098651802
48861353964
62397004185
78407068706
84955450841
68935396384
24331818187
02601263890
75304420527
41088397482
85896330824
73608554615
35066274348
73511554394
35646405274
11864375067
88462557814
60961820813
79231232468
06743394482
36973926076
25140466914
35850122426
11289195419
87572964860
60288986612
47463591683
52234529766
39352089425
13803838535
88743364449
51409345470
04767923836
09731187525
58827603232
92382286887
07092679201
71808319655
87221650404
23996946188
99013862486
17949804248
91090904933
77668241640
51095989512
62953821379
75077150288
46310061764
08441420633
90751651182
16434719092
13376731665
12492870809
31752990973
05275863522
18047717569
90270586609
26603683403
43912909397
95633683205
30322086270
37153593624
08016076360
05279120932
46837216901
30170416533
90354843360
38257929266
27927065322
12789849944
83161652475
55367046405
28643063430
73038295420
06326629992
10092350560
98622877237
93361415191
26565229797
81313752274
05928405250
66886394527
60375815081
85179358619
57196583924
27152054899
59765198923
55327625126
25693406566
62416713746
77538698087
24778332272
43969531610
38724207559
88336754349
88196113100
95382421282
14900742688
31812630914
20846895033
04229834117
73028512477
59293647711
55117287546
13107127852
16058985803
80577498660
23392417773
01137299045
63043915759
86281567932
91453085212
33821654289
16065235234
36159657864
32788363063
34555364523
99224963158
44059886439
02678161879
62217679890
